日期,股票代码,开盘,收盘,最高,最低,成交量,成交额,振幅,涨跌幅,涨跌额,换手率
2020-11-06,003018,10.72,12.86,12.86,10.72,6530,8377697.0,23.96,44.01,3.93,1.0
2020-11-09,003018,14.15,14.15,14.15,14.15,1478,2090973.0,0.0,10.03,1.29,0.23
2020-11-10,003018,15.57,15.57,15.57,15.57,1267,1972983.0,0.0,10.04,1.42,0.19
2020-11-11,003018,17.13,17.13,17.13,17.13,1907,3265971.0,0.0,10.02,1.56,0.29
2020-11-12,003018,18.84,18.84,18.84,18.84,3846,7245788.0,0.0,9.98,1.71,0.59
2020-11-13,003018,20.72,17.56,20.72,16.96,343486,620382896.0,19.96,-6.79,-1.28,52.84
2020-11-16,003018,16.63,16.64,17.0,16.16,208055,344219184.0,4.78,-5.24,-0.92,32.01
2020-11-17,003018,16.58,16.34,16.58,15.74,181696,292429120.0,5.05,-1.8,-0.3,27.95
2020-11-18,003018,16.0,16.84,16.94,15.89,185102,305720144.0,6.43,3.06,0.5,28.48
2020-11-19,003018,16.65,16.21,16.79,16.12,124620,203433050.0,3.98,-3.74,-0.63,19.17
2020-11-20,003018,16.13,15.9,16.34,15.83,102970,164634569.0,3.15,-1.91,-0.31,15.84
2020-11-23,003018,15.75,15.33,15.83,15.26,107602,165694671.0,3.58,-3.58,-0.57,16.55
2020-11-24,003018,15.41,15.74,15.74,15.17,102060,157359762.0,3.72,2.67,0.41,15.7
2020-11-25,003018,15.58,15.33,15.66,15.3,61403,94664282.0,2.29,-2.6,-0.41,9.45
2020-11-26,003018,15.15,15.36,15.5,15.11,48984,75241234.0,2.54,0.2,0.03,7.54
2020-11-27,003018,15.28,14.87,15.35,14.82,68570,103040373.0,3.45,-3.19,-0.49,10.55
2020-11-30,003018,14.89,14.62,14.97,14.58,48544,71782691.0,2.62,-1.68,-0.25,7.47
2020-12-01,003018,14.61,14.68,14.78,14.56,51159,75109599.0,1.5,0.41,0.06,7.87
2020-12-02,003018,14.68,15.65,15.99,14.63,159676,246498113.0,9.26,6.61,0.97,24.57
2020-12-03,003018,15.54,15.37,15.79,15.31,88366,136516519.0,3.07,-1.79,-0.28,13.59
2020-12-04,003018,15.21,15.24,15.33,14.82,68421,103266811.0,3.32,-0.85,-0.13,10.53
2020-12-07,003018,15.1,14.88,15.2,14.81,49218,73628596.0,2.56,-2.36,-0.36,7.57
2020-12-08,003018,14.88,14.67,14.97,14.66,39087,57855733.0,2.08,-1.41,-0.21,6.01
2020-12-09,003018,14.69,14.16,14.74,14.1,56648,81454043.0,4.36,-3.48,-0.51,8.72
2020-12-10,003018,14.03,14.26,14.46,13.94,39370,56071089.0,3.67,0.71,0.1,6.06
2020-12-11,003018,14.35,13.65,14.35,13.42,49703,68638583.0,6.52,-4.28,-0.61,7.65
2020-12-14,003018,13.76,13.54,13.76,13.4,29575,40085952.0,2.64,-0.81,-0.11,4.55
2020-12-15,003018,13.41,13.67,13.73,13.4,34325,46534239.0,2.44,0.96,0.13,5.28
2020-12-16,003018,13.59,13.13,13.6,13.12,38489,51242594.0,3.51,-3.95,-0.54,5.92
2020-12-17,003018,13.13,13.22,13.24,12.85,39935,52151496.0,2.97,0.69,0.09,6.14
2020-12-18,003018,13.28,12.91,13.29,12.91,27507,35962828.0,2.87,-2.34,-0.31,4.23
2020-12-21,003018,12.93,13.04,13.13,12.86,26253,34157328.0,2.09,1.01,0.13,4.04
2020-12-22,003018,12.96,12.54,13.0,12.52,39424,50255954.0,3.68,-3.83,-0.5,6.07
2020-12-23,003018,12.52,12.22,12.62,12.13,41973,51667338.0,3.91,-2.55,-0.32,6.46
2020-12-24,003018,12.22,11.82,12.41,11.8,41000,49472219.0,4.99,-3.27,-0.4,6.31
2020-12-25,003018,11.94,12.28,12.37,11.85,46188,56368939.0,4.4,3.89,0.46,7.11
2020-12-28,003018,12.15,12.0,12.16,11.93,29007,34915882.0,1.87,-2.28,-0.28,4.46
2020-12-29,003018,12.0,12.05,12.28,11.88,27072,32744081.0,3.33,0.42,0.05,4.16
2020-12-30,003018,11.95,12.38,12.65,11.91,45954,56674503.0,6.14,2.74,0.33,7.07
2020-12-31,003018,12.26,12.47,12.58,12.24,34744,43134443.0,2.75,0.73,0.09,5.35
2021-01-04,003018,12.45,12.48,12.57,12.32,31897,39800608.0,2.0,0.08,0.01,4.91
2021-01-05,003018,12.48,12.29,12.48,12.24,29310,36178839.0,1.92,-1.52,-0.19,4.51
2021-01-06,003018,12.22,12.09,12.48,12.01,36087,44126973.0,3.82,-1.63,-0.2,5.55
2021-01-07,003018,12.1,11.25,12.1,11.06,57860,66676520.0,8.6,-6.95,-0.84,8.9
2021-01-08,003018,11.24,11.23,11.39,10.98,24761,27735151.0,3.64,-0.18,-0.02,3.81
2021-01-11,003018,11.14,11.0,11.24,10.93,28464,31466369.0,2.76,-2.05,-0.23,4.38
2021-01-12,003018,11.04,11.16,11.18,10.96,22010,24393865.0,2.0,1.45,0.16,3.39
2021-01-13,003018,11.19,11.36,11.64,10.72,48562,54726181.0,8.24,1.79,0.2,7.47
2021-01-14,003018,11.28,11.41,11.49,11.05,27265,30897631.0,3.87,0.44,0.05,4.19
2021-01-15,003018,11.32,12.28,12.51,11.32,79033,95022642.0,10.43,7.62,0.87,12.16
2021-01-18,003018,12.11,12.21,12.46,12.05,47077,57575198.0,3.34,-0.57,-0.07,7.24
2021-01-19,003018,12.1,12.14,12.32,12.02,36668,44655004.0,2.46,-0.57,-0.07,5.64
2021-01-20,003018,12.18,12.37,12.45,12.02,39350,48293370.0,3.54,1.89,0.23,6.05
2021-01-21,003018,12.46,12.11,12.48,12.1,38803,47480089.0,3.07,-2.1,-0.26,5.97
2021-01-22,003018,12.03,11.73,12.15,11.6,36659,43341321.0,4.54,-3.14,-0.38,5.64
2021-01-25,003018,11.65,11.78,11.79,11.38,34045,39341164.0,3.5,0.43,0.05,5.24
2021-01-26,003018,11.65,12.41,12.96,11.62,72424,90340753.0,11.38,5.35,0.63,11.14
2021-01-27,003018,12.24,13.65,13.65,12.01,165182,216488343.0,13.22,9.99,1.24,25.41
2021-01-28,003018,13.5,15.02,15.02,13.05,221383,318527008.0,14.43,10.04,1.37,34.06
2021-01-29,003018,16.0,13.52,16.15,13.52,199362,284119120.0,17.51,-9.99,-1.5,30.67
2021-02-01,003018,12.2,12.66,13.25,12.2,132961,167456463.0,7.77,-6.36,-0.86,20.46
2021-02-02,003018,12.46,11.95,12.6,11.9,105311,128054931.0,5.53,-5.61,-0.71,16.2
2021-02-03,003018,11.9,11.56,11.9,11.4,71777,83131739.0,4.18,-3.26,-0.39,11.04
2021-02-04,003018,11.43,11.3,11.78,11.1,52762,60232277.0,5.88,-2.25,-0.26,8.12
2021-02-05,003018,11.35,11.26,11.74,11.23,50333,57783736.0,4.51,-0.35,-0.04,7.74
2021-02-08,003018,11.31,11.46,11.54,11.28,34307,39185440.0,2.31,1.78,0.2,5.28
2021-02-09,003018,11.5,11.36,11.52,11.16,38515,43562140.0,3.14,-0.87,-0.1,5.93
2021-02-10,003018,11.38,11.15,11.43,11.08,35182,39483540.0,3.08,-1.85,-0.21,5.41
2021-02-18,003018,11.2,11.52,11.54,11.2,38968,44471542.0,3.05,3.32,0.37,6.0
2021-02-19,003018,11.52,11.92,11.96,11.4,46859,54982649.0,4.86,3.47,0.4,7.21
2021-02-22,003018,11.91,11.84,12.2,11.83,60235,72364497.0,3.1,-0.67,-0.08,9.27
2021-02-23,003018,11.82,11.69,11.84,11.52,34159,39907428.0,2.7,-1.27,-0.15,5.26
2021-02-24,003018,11.71,12.04,12.13,11.66,49783,59383567.0,4.02,2.99,0.35,7.66
2021-02-25,003018,12.04,11.74,12.07,11.7,32189,38075689.0,3.07,-2.49,-0.3,4.95
2021-02-26,003018,11.51,11.71,11.92,11.51,22609,26558387.0,3.49,-0.26,-0.03,3.48
2021-03-01,003018,11.73,11.92,11.94,11.73,26358,31248589.0,1.79,1.79,0.21,4.06
2021-03-02,003018,11.94,11.67,11.95,11.48,27974,32757923.0,3.94,-2.1,-0.25,4.3
2021-03-03,003018,11.68,11.81,11.86,11.58,23332,27441731.0,2.4,1.2,0.14,3.59
2021-03-04,003018,11.77,11.73,11.81,11.6,24667,28798135.0,1.78,-0.68,-0.08,3.79
2021-03-05,003018,11.74,11.79,11.82,11.65,20697,24327493.0,1.45,0.51,0.06,3.18
2021-03-08,003018,11.84,11.73,11.96,11.7,27912,33009124.0,2.21,-0.51,-0.06,4.29
2021-03-09,003018,11.7,11.37,11.73,11.23,35115,40117428.0,4.26,-3.07,-0.36,5.4
2021-03-10,003018,11.37,11.42,11.5,11.33,14734,16795767.0,1.5,0.44,0.05,2.27
2021-03-11,003018,11.42,11.62,11.74,11.38,17937,20691957.0,3.15,1.75,0.2,2.76
2021-03-12,003018,11.52,11.58,11.59,11.45,16891,19432319.0,1.2,-0.34,-0.04,2.6
2021-03-15,003018,11.55,11.69,11.88,11.44,39054,45561468.0,3.8,0.95,0.11,6.01
2021-03-16,003018,11.74,11.82,11.85,11.63,30970,36372065.0,1.88,1.11,0.13,4.76
2021-03-17,003018,11.75,11.85,11.89,11.69,22744,26861383.0,1.69,0.25,0.03,3.5
2021-03-18,003018,11.8,12.36,12.38,11.75,69872,84771626.0,5.32,4.3,0.51,10.75
2021-03-19,003018,12.2,12.44,12.67,12.11,67516,83873600.0,4.53,0.65,0.08,10.39
2021-03-22,003018,12.48,12.63,12.78,12.29,60982,76421002.0,3.94,1.53,0.19,9.38
2021-03-23,003018,12.84,12.16,13.28,12.11,76435,96390929.0,9.26,-3.72,-0.47,11.76
2021-03-24,003018,12.0,12.55,12.98,11.87,67357,83941384.0,9.13,3.21,0.39,10.36
2021-03-25,003018,12.3,12.2,12.62,12.11,50135,61642221.0,4.06,-2.79,-0.35,7.71
2021-03-26,003018,12.22,12.59,12.7,12.06,65510,81717637.0,5.25,3.2,0.39,10.08
2021-03-29,003018,12.65,12.87,12.96,12.44,77485,98457718.0,4.13,2.22,0.28,11.92
2021-03-30,003018,12.77,14.16,14.16,12.63,209606,285599424.0,11.89,10.02,1.29,32.25
2021-03-31,003018,14.1,13.21,14.3,13.15,175677,241132946.0,8.12,-6.71,-0.95,27.03
2021-04-01,003018,13.08,13.38,13.64,12.78,103903,137335103.0,6.51,1.29,0.17,15.99
2021-04-02,003018,13.4,13.64,13.76,13.13,96933,130855095.0,4.71,1.94,0.26,14.91
2021-04-06,003018,13.64,13.45,13.7,13.38,72050,97227441.0,2.35,-1.39,-0.19,11.08
2021-04-07,003018,13.55,13.97,14.16,13.29,127872,176523797.0,6.47,3.87,0.52,19.67
2021-04-08,003018,13.94,14.47,15.21,13.74,189557,272771232.0,10.52,3.58,0.5,29.16
2021-04-09,003018,14.33,14.66,15.0,14.0,144036,208182899.0,6.91,1.31,0.19,22.16
2021-04-12,003018,14.4,14.09,14.4,13.6,97528,137067258.0,5.46,-3.89,-0.57,15.0
2021-04-13,003018,13.88,12.95,13.9,12.92,93120,123855364.0,6.96,-8.09,-1.14,14.33
2021-04-14,003018,12.9,13.38,13.96,12.88,103521,139531030.0,8.34,3.32,0.43,15.93
2021-04-15,003018,13.41,13.2,13.73,13.1,71140,95114053.0,4.71,-1.35,-0.18,10.94
2021-04-16,003018,13.14,13.9,14.18,13.05,112122,153991267.0,8.56,5.3,0.7,17.25
2021-04-19,003018,14.0,13.7,14.12,13.67,72120,99557952.0,3.24,-1.44,-0.2,11.1
2021-04-20,003018,13.75,13.3,13.93,13.24,82637,111904139.0,5.04,-2.92,-0.4,12.71
2021-04-21,003018,13.15,13.31,13.52,13.05,52500,69785756.0,3.53,0.08,0.01,8.08
2021-04-22,003018,13.6,13.18,13.67,13.07,54976,73052776.0,4.51,-0.98,-0.13,8.46
2021-04-23,003018,13.1,12.39,13.24,12.36,79445,99928603.0,6.68,-5.99,-0.79,12.22
2021-04-26,003018,12.32,12.36,12.56,12.15,37875,46888610.0,3.31,-0.24,-0.03,5.83
2021-04-27,003018,12.3,12.61,12.66,12.3,41128,51420283.0,2.91,2.02,0.25,6.33
2021-04-28,003018,12.51,12.42,12.54,12.31,25166,31169153.0,1.82,-1.51,-0.19,3.87
2021-04-29,003018,12.42,12.26,12.65,12.25,28102,35037362.0,3.22,-1.29,-0.16,4.32
2021-04-30,003018,12.21,12.15,12.31,12.0,27267,33082687.0,2.53,-0.9,-0.11,4.19
2021-05-06,003018,12.18,12.34,12.44,12.18,19921,24551581.0,2.14,1.56,0.19,3.06
2021-05-07,003018,12.29,12.29,12.5,12.17,21935,26930964.0,2.67,-0.41,-0.05,3.37
2021-05-10,003018,12.31,12.39,12.48,12.21,26333,32502354.0,2.2,0.81,0.1,4.05
2021-05-11,003018,12.02,11.56,12.02,11.31,41267,47867043.0,5.73,-6.7,-0.83,6.35
2021-05-12,003018,11.53,11.55,11.6,11.44,18301,21081959.0,1.38,-0.09,-0.01,2.82
2021-05-13,003018,11.48,11.54,11.62,11.42,16408,18953850.0,1.73,-0.09,-0.01,2.52
2021-05-14,003018,11.54,11.61,11.63,11.51,17229,19955082.0,1.04,0.61,0.07,2.65
2021-05-17,003018,11.62,11.36,11.65,11.23,33979,38603819.0,3.62,-2.15,-0.25,5.23
2021-05-18,003018,11.38,11.45,11.49,11.29,18363,20910735.0,1.76,0.79,0.09,2.83
2021-05-19,003018,11.52,11.53,11.69,11.36,25310,29102900.0,2.88,0.7,0.08,3.89
2021-05-20,003018,11.52,11.38,11.53,11.33,18353,20925854.0,1.73,-1.3,-0.15,2.82
2021-05-21,003018,11.44,11.59,11.64,11.4,21679,25012422.0,2.11,1.85,0.21,3.34
2021-05-24,003018,11.64,11.63,11.64,11.52,16674,19323894.0,1.04,0.35,0.04,2.57
2021-05-25,003018,11.64,11.67,11.69,11.53,16775,19504157.0,1.38,0.34,0.04,2.58
2021-05-26,003018,11.92,12.02,12.25,11.8,48906,58579411.0,3.86,3.0,0.35,7.52
2021-05-27,003018,11.96,11.97,12.17,11.9,31725,38097035.0,2.25,-0.42,-0.05,4.88
2021-05-28,003018,11.92,11.93,12.05,11.9,18611,22226987.0,1.25,-0.33,-0.04,2.86
2021-05-31,003018,11.89,11.97,12.0,11.88,15554,18584704.0,1.01,0.34,0.04,2.39
2021-06-01,003018,11.97,12.04,12.05,11.91,19556,23411828.0,1.17,0.58,0.07,3.01
2021-06-02,003018,12.03,11.9,12.03,11.89,19762,23574668.0,1.16,-1.16,-0.14,3.04
2021-06-03,003018,11.93,11.99,12.03,11.86,21849,26145028.0,1.43,0.76,0.09,3.36
2021-06-04,003018,12.51,12.32,12.89,12.26,105254,132374560.0,5.25,2.75,0.33,16.19
2021-06-07,003018,12.06,11.95,12.19,11.93,54100,64912916.0,2.11,-3.0,-0.37,8.32
2021-06-08,003018,11.95,12.01,12.07,11.81,26393,31553575.0,2.18,0.5,0.06,4.06
2021-06-09,003018,11.93,11.93,12.0,11.87,19071,22733500.0,1.08,-0.67,-0.08,2.93
2021-06-10,003018,11.91,11.93,11.98,11.87,17896,21349587.0,0.92,0.0,0.0,2.75
2021-06-11,003018,11.95,11.67,12.02,11.66,25652,30376710.0,3.02,-2.18,-0.26,3.95
2021-06-15,003018,11.67,11.42,11.72,11.35,23776,27238616.0,3.17,-2.14,-0.25,3.66
2021-06-16,003018,11.37,11.42,11.48,11.36,11639,13283415.0,1.05,0.0,0.0,1.79
2021-06-17,003018,11.42,11.42,11.49,11.39,9389,10735259.0,0.88,0.0,0.0,1.44
2021-06-18,003018,11.43,11.52,11.54,11.28,16487,18805691.0,2.28,0.88,0.1,2.54
2021-06-21,003018,11.5,11.52,11.58,11.44,15471,17777238.0,1.22,0.0,0.0,2.38
2021-06-22,003018,11.52,11.61,11.62,11.46,13834,15994961.0,1.39,0.78,0.09,2.13
2021-06-23,003018,11.62,11.57,11.66,11.55,14732,17066404.0,0.95,-0.34,-0.04,2.27
2021-06-24,003018,11.6,11.7,11.71,11.5,16506,19232252.0,1.82,1.12,0.13,2.54
2021-06-25,003018,11.72,11.72,11.75,11.57,16602,19362767.0,1.54,0.17,0.02,2.55
2021-06-28,003018,11.7,11.67,11.76,11.63,14225,16618156.0,1.11,-0.43,-0.05,2.19
2021-06-29,003018,11.66,11.42,11.66,11.41,14981,17198607.0,2.14,-2.14,-0.25,2.3
2021-06-30,003018,11.49,11.41,11.49,11.38,10727,12249405.0,0.96,-0.09,-0.01,1.65
2021-07-01,003018,11.42,11.27,11.46,11.25,15398,17417905.0,1.84,-1.23,-0.14,2.37
2021-07-02,003018,11.25,11.12,11.27,11.02,14484,16068141.0,2.22,-1.33,-0.15,2.23
2021-07-05,003018,11.11,11.19,11.22,11.1,7939,8869968.0,1.08,0.63,0.07,1.22
2021-07-06,003018,11.2,11.27,11.28,11.13,9305,10421161.0,1.34,0.71,0.08,1.43
2021-07-07,003018,11.2,11.28,11.34,11.12,12754,14354766.0,1.95,0.09,0.01,1.96
2021-07-08,003018,11.31,11.14,11.38,11.14,13694,15396994.0,2.13,-1.24,-0.14,2.11
2021-07-09,003018,11.09,11.2,11.22,11.08,11119,12405282.0,1.26,0.54,0.06,1.71
2021-07-12,003018,11.35,11.34,11.37,11.24,12650,14320427.0,1.16,1.25,0.14,1.95
2021-07-13,003018,11.35,11.35,11.37,11.26,12122,13704277.0,0.97,0.09,0.01,1.86
2021-07-14,003018,11.35,11.34,11.55,11.31,21698,24753161.0,2.11,-0.09,-0.01,3.34
2021-07-15,003018,11.33,11.26,11.34,11.2,14240,16038523.0,1.23,-0.71,-0.08,2.19
2021-07-16,003018,11.26,11.13,11.29,11.13,13751,15355922.0,1.42,-1.15,-0.13,2.12
2021-07-19,003018,11.11,11.06,11.14,11.01,10711,11838481.0,1.17,-0.63,-0.07,1.65
2021-07-20,003018,11.05,11.08,11.1,11.03,7002,7744435.0,0.63,0.18,0.02,1.08
2021-07-21,003018,11.11,11.14,11.17,11.07,7604,8468038.0,0.9,0.54,0.06,1.17
2021-07-22,003018,11.16,11.15,11.16,11.06,11707,13008411.0,0.9,0.09,0.01,1.8
2021-07-23,003018,11.15,11.01,11.15,11.01,12196,13470684.0,1.26,-1.26,-0.14,1.88
2021-07-26,003018,11.01,10.75,11.01,10.66,17264,18636168.0,3.18,-2.36,-0.26,2.66
2021-07-27,003018,10.75,10.65,10.81,10.64,11168,11953586.0,1.58,-0.93,-0.1,1.72
2021-07-28,003018,10.6,10.32,10.62,10.26,12406,12891482.0,3.38,-3.1,-0.33,1.91
2021-07-29,003018,10.33,10.43,10.52,10.33,7325,7649857.0,1.84,1.07,0.11,1.13
2021-07-30,003018,10.41,10.48,10.48,10.3,8031,8328497.0,1.73,0.48,0.05,1.24
2021-08-02,003018,10.53,10.77,10.79,10.43,13314,14180694.0,3.44,2.77,0.29,2.05
2021-08-03,003018,10.79,10.76,10.87,10.7,8966,9671723.0,1.58,-0.09,-0.01,1.38
2021-08-04,003018,10.76,10.79,10.83,10.72,6800,7334665.0,1.02,0.28,0.03,1.05
2021-08-05,003018,10.7,10.66,10.73,10.63,8734,9313859.0,0.93,-1.2,-0.13,1.34
2021-08-06,003018,10.68,10.55,10.68,10.52,6779,7170955.0,1.5,-1.03,-0.11,1.04
2021-08-09,003018,10.55,10.66,10.7,10.5,7071,7522548.0,1.9,1.04,0.11,1.09
2021-08-10,003018,10.66,10.82,10.82,10.6,12480,13423944.0,2.06,1.5,0.16,1.92
2021-08-11,003018,10.82,10.9,10.97,10.76,15116,16433067.0,1.94,0.74,0.08,2.33
2021-08-12,003018,10.9,10.81,10.98,10.8,11422,12405196.0,1.65,-0.83,-0.09,1.76
2021-08-13,003018,10.82,10.77,10.92,10.73,10570,11412581.0,1.76,-0.37,-0.04,1.63
2021-08-16,003018,10.76,11.0,11.07,10.76,18647,20468976.0,2.88,2.14,0.23,2.87
2021-08-17,003018,11.0,10.79,11.07,10.78,17602,19227886.0,2.64,-1.91,-0.21,2.71
2021-08-18,003018,10.79,11.04,11.06,10.72,13567,14757775.0,3.15,2.32,0.25,2.09
2021-08-19,003018,11.01,10.96,11.07,10.9,11634,12771228.0,1.54,-0.72,-0.08,1.79
2021-08-20,003018,10.94,10.78,10.94,10.7,11084,11954494.0,2.19,-1.64,-0.18,1.71
2021-08-23,003018,10.73,11.07,11.07,10.73,19126,21051278.0,3.15,2.69,0.29,2.94
2021-08-24,003018,11.08,11.01,11.18,10.98,15038,16638221.0,1.81,-0.54,-0.06,2.31
2021-08-25,003018,11.02,11.05,11.07,10.97,10795,11908881.0,0.91,0.36,0.04,1.66
2021-08-26,003018,11.04,10.89,11.05,10.86,11663,12768090.0,1.72,-1.45,-0.16,1.79
2021-08-27,003018,10.88,10.93,11.04,10.8,13244,14433349.0,2.2,0.37,0.04,2.04
2021-08-30,003018,10.97,11.04,11.16,10.93,17103,18894159.0,2.1,1.01,0.11,2.63
2021-08-31,003018,11.04,11.08,11.25,10.99,15366,17040993.0,2.36,0.36,0.04,2.36
2021-09-01,003018,11.04,11.2,11.23,10.85,25129,27890512.0,3.43,1.08,0.12,3.87
2021-09-02,003018,11.15,11.29,11.36,11.15,24620,27791143.0,1.88,0.8,0.09,3.79
2021-09-03,003018,11.25,11.39,11.42,11.18,26979,30546655.0,2.13,0.89,0.1,4.15
2021-09-06,003018,11.4,11.35,11.41,11.25,18808,21273900.0,1.4,-0.35,-0.04,2.89
2021-09-07,003018,11.4,11.28,11.4,11.26,17275,19494323.0,1.23,-0.62,-0.07,2.66
2021-09-08,003018,11.28,11.29,11.3,11.18,19952,22414724.0,1.06,0.09,0.01,3.07
2021-09-09,003018,11.26,11.19,11.32,11.18,13490,15147588.0,1.24,-0.89,-0.1,2.08
2021-09-10,003018,11.19,11.18,11.27,11.11,14533,16237687.0,1.43,-0.09,-0.01,2.24
2021-09-13,003018,11.13,11.26,11.29,11.11,12621,14152748.0,1.61,0.72,0.08,1.94
2021-09-14,003018,11.26,10.96,11.26,10.94,17622,19583323.0,2.84,-2.66,-0.3,2.71
2021-09-15,003018,10.89,10.85,10.94,10.81,11659,12679510.0,1.19,-1.0,-0.11,1.79
2021-09-16,003018,10.88,11.44,11.93,10.85,85605,98221187.0,9.95,5.44,0.59,13.17
2021-09-17,003018,11.32,11.11,11.39,11.05,40673,45599413.0,2.97,-2.88,-0.33,6.26
2021-09-22,003018,10.98,10.98,11.04,10.87,16972,18565756.0,1.53,-1.17,-0.13,2.61
2021-09-23,003018,11.0,11.08,11.09,10.98,13913,15363707.0,1.0,0.91,0.1,2.14
2021-09-24,003018,11.03,10.72,11.08,10.7,24102,26136619.0,3.43,-3.25,-0.36,3.71
2021-09-27,003018,10.73,10.52,10.78,10.38,14328,15082798.0,3.73,-1.87,-0.2,2.2
2021-09-28,003018,10.52,10.55,10.58,10.45,5601,5890516.0,1.24,0.29,0.03,0.86
2021-09-29,003018,10.53,10.33,10.55,10.33,9412,9818020.0,2.09,-2.09,-0.22,1.45
2021-09-30,003018,10.45,10.48,10.53,10.4,4743,4960679.0,1.26,1.45,0.15,0.73
2021-10-08,003018,10.55,10.63,10.65,10.53,6670,7078463.0,1.15,1.43,0.15,1.03
2021-10-11,003018,10.65,10.64,10.66,10.6,4714,5010510.0,0.56,0.09,0.01,0.73
2021-10-12,003018,10.64,10.47,10.64,10.4,5682,5967924.0,2.26,-1.6,-0.17,0.87
2021-10-13,003018,10.44,10.56,10.56,10.43,5319,5588636.0,1.24,0.86,0.09,0.82
2021-10-14,003018,10.58,10.58,10.65,10.53,4772,5053282.0,1.14,0.19,0.02,0.73
2021-10-15,003018,10.52,10.49,10.6,10.49,5733,6042041.0,1.04,-0.85,-0.09,0.88
2021-10-18,003018,10.48,10.52,10.53,10.36,4954,5171949.0,1.62,0.29,0.03,0.76
2021-10-19,003018,10.51,10.51,10.55,10.47,4410,4633873.0,0.76,-0.1,-0.01,0.68
2021-10-20,003018,10.46,10.41,10.52,10.4,5636,5880808.0,1.14,-0.95,-0.1,0.87
2021-10-21,003018,10.4,10.39,10.44,10.36,4200,4366327.0,0.77,-0.19,-0.02,0.65
2021-10-22,003018,10.37,10.3,10.46,10.29,6080,6276152.0,1.64,-0.87,-0.09,0.94
2021-10-25,003018,10.35,10.33,10.36,10.28,5148,5312189.0,0.78,0.29,0.03,0.79
2021-10-26,003018,10.3,10.22,10.31,10.2,6299,6465780.0,1.06,-1.06,-0.11,0.97
2021-10-27,003018,10.22,9.91,10.24,9.9,11080,11058873.0,3.33,-3.03,-0.31,1.7
2021-10-28,003018,9.91,9.74,9.91,9.65,7765,7554649.0,2.62,-1.72,-0.17,1.19
2021-10-29,003018,10.01,10.07,10.17,9.95,11508,11569339.0,2.26,3.39,0.33,1.77
2021-11-01,003018,10.08,10.04,10.12,9.96,6014,6037068.0,1.59,-0.3,-0.03,0.93
2021-11-02,003018,9.98,9.82,10.08,9.8,6846,6785783.0,2.79,-2.19,-0.22,1.05
2021-11-03,003018,9.82,9.97,10.04,9.82,4749,4725624.0,2.24,1.53,0.15,0.73
2021-11-04,003018,9.96,10.03,10.05,9.93,5465,5464815.0,1.2,0.6,0.06,0.84
2021-11-05,003018,10.03,10.08,10.16,10.0,6891,6944508.0,1.6,0.5,0.05,1.06
2021-11-08,003018,10.11,10.3,10.36,10.02,10030,10220338.0,3.37,2.18,0.22,1.29
2021-11-09,003018,10.3,10.34,10.4,10.22,7779,8015331.0,1.75,0.39,0.04,1.0
2021-11-10,003018,10.28,10.36,10.38,10.26,7884,8143838.0,1.16,0.19,0.02,1.02
2021-11-11,003018,10.31,10.41,10.49,10.31,8338,8697220.0,1.74,0.48,0.05,1.07
2021-11-12,003018,10.4,10.5,10.51,10.4,6798,7114442.0,1.06,0.86,0.09,0.88
2021-11-15,003018,10.52,10.69,10.71,10.5,12787,13580700.0,2.0,1.81,0.19,1.65
2021-11-16,003018,10.74,10.41,10.75,10.41,15170,15990440.0,3.18,-2.62,-0.28,1.96
2021-11-17,003018,10.42,10.63,10.7,10.42,11234,11900862.0,2.69,2.11,0.22,1.45
2021-11-18,003018,10.62,10.52,10.65,10.5,7443,7873046.0,1.41,-1.03,-0.11,0.96
2021-11-19,003018,10.52,10.62,10.65,10.45,7570,7996173.0,1.9,0.95,0.1,0.98
2021-11-22,003018,10.61,10.6,10.65,10.53,7066,7476822.0,1.13,-0.19,-0.02,0.91
2021-11-23,003018,10.62,10.62,10.72,10.56,8385,8907100.0,1.51,0.19,0.02,1.08
2021-11-24,003018,10.61,10.8,10.84,10.53,14842,15934530.0,2.92,1.69,0.18,1.91
2021-11-25,003018,10.88,10.87,11.0,10.73,15039,16360546.0,2.5,0.65,0.07,1.94
2021-11-26,003018,10.87,10.79,10.92,10.73,7653,8253505.0,1.75,-0.74,-0.08,0.99
2021-11-29,003018,10.66,10.61,10.74,10.61,8735,9304455.0,1.2,-1.67,-0.18,1.13
2021-11-30,003018,10.61,10.7,10.74,10.61,8923,9541638.0,1.23,0.85,0.09,1.15
2021-12-01,003018,10.78,10.9,10.95,10.72,12996,14101890.0,2.15,1.87,0.2,1.68
2021-12-02,003018,10.9,10.92,11.19,10.81,20068,22039617.0,3.49,0.18,0.02,2.59
2021-12-03,003018,10.92,10.92,11.04,10.81,14615,15991538.0,2.11,0.0,0.0,1.88
2021-12-06,003018,10.97,10.68,10.97,10.68,12389,13377653.0,2.66,-2.2,-0.24,1.6
2021-12-07,003018,10.71,10.71,10.85,10.62,9988,10701186.0,2.15,0.28,0.03,1.29
2021-12-08,003018,10.75,10.67,10.78,10.63,8670,9264404.0,1.4,-0.37,-0.04,1.12
2021-12-09,003018,10.73,10.68,10.74,10.64,8784,9397204.0,0.94,0.09,0.01,1.13
2021-12-10,003018,10.68,10.75,10.8,10.63,7669,8242360.0,1.59,0.66,0.07,0.99
2021-12-13,003018,10.78,10.94,10.97,10.73,17058,18550494.0,2.23,1.77,0.19,2.2
2021-12-14,003018,10.95,10.95,11.0,10.87,15223,16646839.0,1.19,0.09,0.01,1.96
2021-12-15,003018,10.91,10.98,11.05,10.9,13933,15313721.0,1.37,0.27,0.03,1.8
2021-12-16,003018,10.98,11.04,11.12,10.96,12726,14075410.0,1.46,0.55,0.06,1.64
2021-12-17,003018,11.05,11.11,11.17,11.02,14940,16583669.0,1.36,0.63,0.07,1.93
2021-12-20,003018,11.06,10.95,11.18,10.91,12331,13547396.0,2.43,-1.44,-0.16,1.59
2021-12-21,003018,10.86,11.16,11.17,10.86,16490,18267861.0,2.83,1.92,0.21,2.13
2021-12-22,003018,11.16,11.08,11.18,11.05,10726,11894008.0,1.16,-0.72,-0.08,1.38
2021-12-23,003018,11.08,11.05,11.17,11.01,6818,7532152.0,1.44,-0.27,-0.03,0.88
2021-12-24,003018,11.02,10.76,11.03,10.75,12889,13991767.0,2.53,-2.62,-0.29,1.66
2021-12-27,003018,10.82,11.01,11.09,10.76,14020,15335507.0,3.07,2.32,0.25,1.81
2021-12-28,003018,11.1,11.02,11.1,10.82,9971,10998904.0,2.54,0.09,0.01,1.29
2021-12-29,003018,10.92,11.07,11.15,10.92,11333,12516582.0,2.09,0.45,0.05,1.46
2021-12-30,003018,11.08,11.09,11.13,11.0,10204,11322420.0,1.17,0.18,0.02,1.32
2021-12-31,003018,11.1,11.05,11.14,10.98,8141,9025535.0,1.44,-0.36,-0.04,1.08
2022-01-04,003018,11.13,11.37,11.45,11.05,31823,35926688.0,3.62,2.9,0.32,4.21
2022-01-05,003018,11.37,11.33,11.38,11.21,17805,20067749.0,1.5,-0.35,-0.04,2.36
2022-01-06,003018,11.33,11.46,11.48,11.26,24965,28482797.0,1.94,1.15,0.13,3.31
2022-01-07,003018,11.46,11.34,11.55,11.34,14196,16238739.0,1.83,-1.05,-0.12,1.88
2022-01-10,003018,11.28,11.4,11.46,11.24,10470,11918931.0,1.94,0.53,0.06,1.39
2022-01-11,003018,11.33,11.43,11.55,11.33,14080,16170328.0,1.93,0.26,0.03,1.86
2022-01-12,003018,11.53,11.59,11.65,11.41,19645,22688625.0,2.1,1.4,0.16,2.6
2022-01-13,003018,11.57,11.51,11.65,11.5,12154,14034306.0,1.29,-0.69,-0.08,1.61
2022-01-14,003018,11.43,11.26,11.52,11.26,16532,18798807.0,2.26,-2.17,-0.25,2.19
2022-01-17,003018,11.35,11.4,11.52,11.27,12206,13939899.0,2.22,1.24,0.14,1.62
2022-01-18,003018,11.41,11.15,11.49,11.09,15190,17018450.0,3.51,-2.19,-0.25,2.01
2022-01-19,003018,11.15,11.31,11.32,11.11,10318,11621932.0,1.88,1.43,0.16,1.37
2022-01-20,003018,11.29,10.86,11.38,10.85,13191,14571082.0,4.69,-3.98,-0.45,1.75
2022-01-21,003018,10.88,10.97,11.13,10.86,13005,14274010.0,2.49,1.01,0.11,1.72
2022-01-24,003018,10.97,10.73,10.97,10.63,10600,11405768.0,3.1,-2.19,-0.24,1.4
2022-01-25,003018,10.78,10.22,10.78,10.22,16805,17431029.0,5.22,-4.75,-0.51,2.23
2022-01-26,003018,10.23,10.31,10.36,10.16,9759,10027173.0,1.96,0.88,0.09,1.29
2022-01-27,003018,10.31,9.98,10.32,9.94,13499,13631529.0,3.69,-3.2,-0.33,1.79
2022-01-28,003018,10.09,10.23,10.28,10.02,8791,8946431.0,2.61,2.51,0.25,1.16
2022-02-07,003018,10.34,10.35,10.5,10.16,19146,19764839.0,3.32,1.17,0.12,2.54
2022-02-08,003018,10.34,10.58,10.58,10.23,14144,14802867.0,3.38,2.22,0.23,1.87
2022-02-09,003018,10.54,10.58,10.62,10.48,7510,7934997.0,1.32,0.0,0.0,0.99
2022-02-10,003018,10.6,10.62,10.65,10.51,9300,9834460.0,1.32,0.38,0.04,1.23
2022-02-11,003018,10.55,10.43,10.6,10.36,7726,8065294.0,2.26,-1.79,-0.19,1.02
2022-02-14,003018,10.35,10.35,10.51,10.28,7810,8099407.0,2.21,-0.77,-0.08,1.03
2022-02-15,003018,10.36,10.37,10.45,10.28,8432,8742707.0,1.64,0.19,0.02,1.12
2022-02-16,003018,10.43,10.55,10.57,10.42,9532,10007438.0,1.45,1.74,0.18,1.26
2022-02-17,003018,10.59,10.45,10.59,10.45,6558,6891478.0,1.33,-0.95,-0.1,0.87
2022-02-18,003018,10.45,10.55,10.59,10.38,7036,7379233.0,2.01,0.96,0.1,0.93
2022-02-21,003018,10.6,10.76,10.77,10.52,9806,10474531.0,2.37,1.99,0.21,1.3
2022-02-22,003018,10.68,10.63,10.76,10.51,8060,8571620.0,2.32,-1.21,-0.13,1.07
2022-02-23,003018,10.59,10.83,10.96,10.55,13173,14214032.0,3.86,1.88,0.2,1.74
2022-02-24,003018,10.84,10.72,11.16,10.58,28520,31090745.0,5.36,-1.02,-0.11,3.78
2022-02-25,003018,10.79,10.72,10.89,10.66,13138,14173290.0,2.15,0.0,0.0,1.74
2022-02-28,003018,10.79,10.58,10.79,10.52,12234,12967131.0,2.52,-1.31,-0.14,1.62
2022-03-01,003018,10.65,10.73,10.75,10.58,10434,11146800.0,1.61,1.42,0.15,1.38
2022-03-02,003018,10.76,10.74,10.77,10.61,8076,8652179.0,1.49,0.09,0.01,1.07
2022-03-03,003018,10.8,10.85,10.9,10.71,11538,12484931.0,1.77,1.02,0.11,1.53
2022-03-04,003018,10.8,10.77,10.87,10.75,9330,10077096.0,1.11,-0.74,-0.08,1.24
2022-03-07,003018,10.66,10.59,10.82,10.56,11255,12027769.0,2.41,-1.67,-0.18,1.49
2022-03-08,003018,10.62,10.36,10.69,10.29,10468,10941353.0,3.78,-2.17,-0.23,1.39
2022-03-09,003018,10.31,10.15,10.46,9.83,14115,14291178.0,6.08,-2.03,-0.21,1.87
2022-03-10,003018,10.25,10.28,10.44,10.22,11211,11568623.0,2.17,1.28,0.13,1.48
2022-03-11,003018,10.23,10.33,10.35,9.95,8764,8902031.0,3.89,0.49,0.05,1.16
2022-03-14,003018,10.34,10.08,10.35,10.08,7272,7408156.0,2.61,-2.42,-0.25,0.96
2022-03-15,003018,10.1,9.61,10.1,9.61,13474,13292331.0,4.86,-4.66,-0.47,1.78
2022-03-16,003018,9.71,10.05,10.08,9.62,13085,12877196.0,4.79,4.58,0.44,1.73
2022-03-17,003018,10.05,10.8,11.06,10.02,72079,77199942.0,10.35,7.46,0.75,9.54
2022-03-18,003018,10.82,11.18,11.28,10.6,90116,98352915.0,6.3,3.52,0.38,11.93
2022-03-21,003018,11.17,11.05,11.27,10.9,82248,91392177.0,3.31,-1.16,-0.13,10.89
2022-03-22,003018,11.13,10.91,11.13,10.85,29795,32632385.0,2.53,-1.27,-0.14,3.95
2022-03-23,003018,10.99,10.8,10.99,10.68,34764,37599570.0,2.84,-1.01,-0.11,4.6
2022-03-24,003018,10.76,10.91,10.94,10.63,31751,34536348.0,2.87,1.02,0.11,4.2
2022-03-25,003018,10.88,10.88,11.11,10.78,33409,36631219.0,3.02,-0.27,-0.03,4.42
2022-03-28,003018,10.87,10.78,11.0,10.69,24761,26835627.0,2.85,-0.92,-0.1,3.28
2022-03-29,003018,10.78,10.48,10.78,10.0,44485,45926825.0,7.24,-2.78,-0.3,5.89
2022-03-30,003018,10.2,10.43,10.51,10.16,27024,27939281.0,3.34,-0.48,-0.05,3.58
2022-03-31,003018,10.43,10.45,10.56,10.32,18668,19536100.0,2.3,0.19,0.02,2.47
2022-04-01,003018,10.44,10.45,10.5,10.29,12385,12884513.0,2.01,0.0,0.0,1.64
2022-04-06,003018,10.49,10.54,10.63,10.36,15515,16385532.0,2.58,0.86,0.09,2.05
2022-04-07,003018,10.59,10.43,10.59,10.36,9358,9765102.0,2.18,-1.04,-0.11,1.24
2022-04-08,003018,10.48,10.55,10.6,10.2,22338,23322192.0,3.84,1.15,0.12,2.96
2022-04-11,003018,10.55,10.39,10.58,10.23,11498,11958356.0,3.32,-1.52,-0.16,1.52
2022-04-12,003018,10.37,10.42,10.48,10.2,24151,25090658.0,2.69,0.29,0.03,3.2
2022-04-13,003018,10.42,10.61,10.75,10.3,29556,31240712.0,4.32,1.82,0.19,3.91
2022-04-14,003018,10.68,10.6,10.68,10.49,12239,12932655.0,1.79,-0.09,-0.01,1.62
2022-04-15,003018,10.56,10.4,10.59,10.21,13703,14228281.0,3.58,-1.89,-0.2,1.81
2022-04-18,003018,10.36,10.42,10.42,10.19,6554,6745615.0,2.21,0.19,0.02,0.87
2022-04-19,003018,10.3,10.43,10.46,10.3,5944,6174465.0,1.54,0.1,0.01,0.79
2022-04-20,003018,10.34,10.44,10.46,10.28,14980,15561024.0,1.73,0.1,0.01,1.98
2022-04-21,003018,10.41,10.32,10.42,10.05,18232,18645199.0,3.54,-1.15,-0.12,2.41
2022-04-22,003018,10.28,10.32,10.35,9.95,17540,17835904.0,3.88,0.0,0.0,2.32
2022-04-25,003018,10.17,9.29,10.17,9.29,37638,35930514.0,8.53,-9.98,-1.03,4.98
2022-04-26,003018,8.93,8.68,9.19,8.36,40726,35335910.0,8.93,-6.57,-0.61,5.39
2022-04-27,003018,8.59,8.18,8.59,7.84,60839,49278688.0,8.64,-5.76,-0.5,8.06
2022-04-28,003018,8.0,7.95,8.14,7.8,22653,18040406.0,4.16,-2.81,-0.23,3.0
2022-04-29,003018,7.99,8.27,8.42,7.99,22903,18815871.0,5.41,4.03,0.32,3.03
2022-05-05,003018,8.26,8.47,8.58,8.18,14810,12501932.0,4.84,2.42,0.2,1.96
2022-05-06,003018,8.35,8.41,8.53,8.27,12086,10192878.0,3.07,-0.71,-0.06,1.6
2022-05-09,003018,8.48,8.57,8.62,8.32,9739,8313347.0,3.57,1.9,0.16,1.29
2022-05-10,003018,8.52,8.73,8.73,8.4,15457,13294204.0,3.85,1.87,0.16,2.05
2022-05-11,003018,8.85,8.54,8.85,8.53,14228,12400622.0,3.67,-2.18,-0.19,1.88
2022-05-12,003018,8.62,8.73,8.74,8.48,11863,10263364.0,3.04,2.22,0.19,1.57
2022-05-13,003018,8.79,8.78,8.82,8.65,7901,6908965.0,1.95,0.57,0.05,1.05
2022-05-16,003018,8.74,8.71,8.84,8.66,9432,8257597.0,2.05,-0.8,-0.07,1.25
2022-05-17,003018,8.79,8.68,8.8,8.6,9046,7859844.0,2.3,-0.34,-0.03,1.2
2022-05-18,003018,8.74,8.9,8.98,8.69,17857,15851629.0,3.34,2.53,0.22,2.36
2022-05-19,003018,8.8,8.88,8.97,8.78,8845,7836931.0,2.13,-0.22,-0.02,1.17
2022-05-20,003018,8.94,8.93,8.99,8.85,10146,9044460.0,1.58,0.56,0.05,1.34
2022-05-23,003018,8.96,9.1,9.13,8.87,8272,7476458.0,2.91,1.9,0.17,1.1
2022-05-24,003018,9.09,8.73,9.16,8.68,15160,13492490.0,5.27,-4.07,-0.37,2.01
2022-05-25,003018,8.71,8.84,8.9,8.61,9015,7951197.0,3.32,1.26,0.11,1.19
2022-05-26,003018,8.9,8.9,8.9,8.66,8914,7839513.0,2.71,0.68,0.06,1.18
2022-05-27,003018,8.9,8.86,8.97,8.81,6913,6139096.0,1.8,-0.45,-0.04,0.92
2022-05-30,003018,8.88,8.99,9.0,8.75,11339,10072485.0,2.82,1.47,0.13,1.5
2022-05-31,003018,8.99,8.98,9.03,8.83,9062,8122076.0,2.22,-0.11,-0.01,1.2
2022-06-01,003018,8.98,9.06,9.12,8.88,8930,8077846.0,2.67,0.89,0.08,1.18
2022-06-02,003018,9.06,9.19,9.19,8.9,12084,10961438.0,3.2,1.43,0.13,1.6
2022-06-06,003018,9.37,9.19,9.37,9.09,12724,11681326.0,3.05,0.0,0.0,1.68
2022-06-07,003018,9.16,9.18,9.3,9.04,8885,8122808.0,2.83,-0.11,-0.01,1.18
2022-06-08,003018,9.23,9.11,9.23,8.96,9159,8324688.0,2.94,-0.76,-0.07,1.21
2022-06-09,003018,9.1,8.92,9.12,8.87,8651,7762496.0,2.74,-2.09,-0.19,1.15
2022-06-10,003018,8.85,9.0,9.05,8.74,7911,7113687.0,3.48,0.9,0.08,1.05
2022-06-13,003018,8.98,8.88,9.02,8.84,14194,12632388.0,2.0,-1.33,-0.12,1.88
2022-06-14,003018,8.88,8.89,8.89,8.66,13991,12273202.0,2.59,0.11,0.01,1.85
2022-06-15,003018,8.92,8.89,8.96,8.84,13304,11851740.0,1.35,0.0,0.0,1.76
2022-06-16,003018,8.88,8.96,9.04,8.8,12415,11101911.0,2.7,0.79,0.07,1.64
2022-06-17,003018,8.95,8.85,8.95,8.73,16801,14821336.0,2.46,-1.23,-0.11,2.22
2022-06-20,003018,8.8,8.95,8.97,8.8,11129,9922767.0,1.92,1.13,0.1,1.47
2022-06-21,003018,8.98,9.01,9.08,8.91,11826,10651871.0,1.9,0.67,0.06,1.57
2022-06-22,003018,9.01,8.82,9.01,8.8,9499,8458407.0,2.33,-2.11,-0.19,1.26
2022-06-23,003018,8.82,8.99,8.99,8.8,9235,8220593.0,2.15,1.93,0.17,1.22
2022-06-24,003018,9.05,9.03,9.06,8.91,11143,10036861.0,1.67,0.44,0.04,1.48
2022-06-27,003018,9.08,9.15,9.15,9.02,13088,11900699.0,1.44,1.33,0.12,1.73
2022-06-28,003018,9.08,9.26,9.28,9.06,13681,12604446.0,2.4,1.2,0.11,1.81
2022-06-29,003018,9.25,9.23,9.31,9.18,12123,11202727.0,1.4,-0.32,-0.03,1.61
2022-06-30,003018,9.18,9.25,9.36,9.18,15458,14336347.0,1.95,0.22,0.02,2.05
2022-07-01,003018,9.24,9.18,9.29,9.17,8491,7825366.0,1.3,-0.76,-0.07,1.12
2022-07-04,003018,9.2,9.19,9.23,9.1,7091,6491630.0,1.42,0.11,0.01,0.94
2022-07-05,003018,9.19,9.11,9.25,8.98,11433,10393382.0,2.94,-0.87,-0.08,1.51
2022-07-06,003018,9.02,9.03,9.13,8.95,9588,8648976.0,1.98,-0.88,-0.08,1.27
2022-07-07,003018,9.07,9.03,9.09,8.98,6117,5529106.0,1.22,0.0,0.0,0.81
2022-07-08,003018,9.05,9.09,9.13,8.97,8164,7410150.0,1.77,0.66,0.06,1.08
2022-07-11,003018,9.1,8.98,9.1,8.93,11290,10150604.0,1.87,-1.21,-0.11,1.49
2022-07-12,003018,9.04,8.9,9.04,8.82,9561,8537599.0,2.45,-0.89,-0.08,1.27
2022-07-13,003018,8.95,9.15,9.15,8.86,11220,10168503.26,3.26,2.81,0.25,1.49
2022-07-14,003018,9.18,9.14,9.18,9.07,7700,7034319.19,1.2,-0.11,-0.01,1.02
2022-07-15,003018,9.1,8.99,9.17,8.97,8065,7285668.0,2.19,-1.64,-0.15,1.07
2022-07-18,003018,9.04,9.3,9.34,9.0,16441,15195585.62,3.78,3.45,0.31,2.18
2022-07-19,003018,9.26,9.39,9.4,9.25,11308,10558149.0,1.61,0.97,0.09,1.5
2022-07-20,003018,9.39,9.54,9.66,9.34,16671,15829242.0,3.41,1.6,0.15,2.21
2022-07-21,003018,9.54,9.51,9.6,9.42,10386,9871732.88,1.89,-0.31,-0.03,1.38
2022-07-22,003018,9.52,9.51,9.62,9.45,10053,9574220.0,1.79,0.0,0.0,1.33
2022-07-25,003018,9.51,9.59,9.63,9.46,14230,13618227.0,1.79,0.84,0.08,1.88
2022-07-26,003018,9.58,9.53,9.66,9.45,9331,8895687.23,2.19,-0.63,-0.06,1.24
2022-07-27,003018,9.53,9.6,9.61,9.45,8081,7715406.46,1.68,0.73,0.07,1.07
2022-07-28,003018,9.61,9.62,9.66,9.55,9643,9280032.0,1.15,0.21,0.02,1.28
2022-07-29,003018,9.59,9.68,9.84,9.59,14037,13606528.36,2.6,0.62,0.06,1.86
2022-08-01,003018,9.68,9.65,9.73,9.58,8412,8117886.81,1.55,-0.31,-0.03,1.11
2022-08-02,003018,9.63,9.1,9.63,9.07,17507,16179172.4,5.8,-5.7,-0.55,2.32
2022-08-03,003018,9.21,9.17,9.35,9.1,11607,10742380.0,2.75,0.77,0.07,1.54
2022-08-04,003018,9.23,9.36,9.36,9.19,7919,7351521.1,1.85,2.07,0.19,1.05
2022-08-05,003018,9.36,9.45,9.49,9.29,9721,9127480.0,2.14,0.96,0.09,1.29
2022-08-08,003018,9.48,9.57,9.63,9.4,8824,8433366.7,2.43,1.27,0.12,1.17
2022-08-09,003018,9.6,9.59,9.64,9.49,6719,6413237.61,1.57,0.21,0.02,0.89
2022-08-10,003018,9.58,9.61,9.63,9.49,6773,6496665.83,1.46,0.21,0.02,0.9
2022-08-11,003018,9.61,9.72,9.72,9.58,10657,10323933.0,1.46,1.14,0.11,1.41
2022-08-12,003018,9.72,9.77,9.84,9.68,8946,8745404.67,1.65,0.51,0.05,1.18
2022-08-15,003018,9.77,9.74,9.8,9.61,8740,8463429.0,1.94,-0.31,-0.03,1.16
2022-08-16,003018,9.77,9.73,9.8,9.67,5996,5838287.0,1.33,-0.1,-0.01,0.79
2022-08-17,003018,9.73,9.82,9.9,9.7,12277,12059562.0,2.06,0.92,0.09,1.63
2022-08-18,003018,9.75,9.74,9.9,9.74,9979,9785858.35,1.63,-0.81,-0.08,1.32
2022-08-19,003018,9.81,9.78,9.99,9.73,16056,15815037.12,2.67,0.41,0.04,2.13
2022-08-22,003018,9.78,9.64,9.9,9.64,11426,11096776.0,2.66,-1.43,-0.14,1.51
2022-08-23,003018,9.62,9.71,9.73,9.62,6088,5896082.27,1.14,0.73,0.07,0.81
2022-08-24,003018,9.74,9.7,9.9,9.68,19342,18938463.16,2.27,-0.1,-0.01,2.56
2022-08-25,003018,9.7,9.49,9.79,9.36,16855,16043352.21,4.43,-2.16,-0.21,2.23
2022-08-26,003018,9.58,9.38,9.58,9.37,9862,9315972.28,2.21,-1.16,-0.11,1.31
2022-08-29,003018,9.37,9.53,9.54,9.23,14606,13806353.86,3.3,1.6,0.15,1.93
2022-08-30,003018,9.49,9.65,9.75,9.43,10571,10160070.0,3.36,1.26,0.12,1.4
2022-08-31,003018,9.54,9.52,10.06,9.44,43447,42467211.88,6.42,-1.35,-0.13,5.75
2022-09-01,003018,9.49,9.36,9.65,9.31,29539,27837704.74,3.57,-1.68,-0.16,3.91
2022-09-02,003018,9.31,9.52,9.61,9.3,18784,17831907.0,3.31,1.71,0.16,2.49
2022-09-05,003018,9.63,9.51,9.63,9.42,14869,14112624.0,2.21,-0.11,-0.01,1.97
2022-09-06,003018,9.59,9.58,9.59,9.44,10245,9769159.28,1.58,0.74,0.07,1.36
2022-09-07,003018,9.55,9.63,9.66,9.47,12309,11756305.0,1.98,0.52,0.05,1.63
2022-09-08,003018,9.67,9.55,9.67,9.49,12170,11609810.92,1.87,-0.83,-0.08,1.61
2022-09-09,003018,9.54,9.36,9.74,9.35,20478,19301758.04,4.08,-1.99,-0.19,2.71
2022-09-13,003018,9.41,9.63,9.73,9.35,20622,19820513.52,4.06,2.88,0.27,2.73
2022-09-14,003018,9.5,9.75,9.81,9.45,20986,20303030.01,3.74,1.25,0.12,2.78
2022-09-15,003018,9.85,9.54,9.9,9.47,19362,18684051.02,4.41,-2.15,-0.21,2.56
2022-09-16,003018,9.55,9.58,9.77,9.43,27924,26823621.18,3.56,0.42,0.04,3.7
2022-09-19,003018,9.54,9.05,9.54,8.99,28342,25911629.63,5.74,-5.53,-0.53,3.75
2022-09-20,003018,9.0,9.28,9.35,9.0,13314,12257301.37,3.87,2.54,0.23,1.76
2022-09-21,003018,9.27,9.55,9.73,9.11,31520,30095275.97,6.68,2.91,0.27,4.17
2022-09-22,003018,9.55,9.3,9.58,9.21,14590,13671183.54,3.87,-2.62,-0.25,1.93
2022-09-23,003018,9.36,9.69,10.23,9.2,133258,130577490.23,11.08,4.19,0.39,17.65
2022-09-26,003018,9.74,9.26,9.78,9.0,75676,71041564.17,8.05,-4.44,-0.43,10.02
2022-09-27,003018,9.19,9.6,10.15,9.01,135541,129514815.93,12.31,3.67,0.34,17.95
2022-09-28,003018,9.31,10.56,10.56,9.31,141864,143780136.77,13.02,10.0,0.96,18.78
2022-09-29,003018,10.37,9.98,10.45,9.95,174442,176905834.32,4.73,-5.49,-0.58,23.1
2022-09-30,003018,9.92,9.83,9.98,9.62,98525,96156068.26,3.61,-1.5,-0.15,13.05
2022-10-10,003018,9.73,10.02,10.2,9.7,116352,116353864.45,5.09,1.93,0.19,15.41
2022-10-11,003018,9.88,10.16,10.18,9.54,92165,90856002.25,6.39,1.4,0.14,12.2
2022-10-12,003018,9.97,10.14,10.18,9.86,76783,77029539.45,3.15,-0.2,-0.02,10.17
2022-10-13,003018,10.13,10.16,10.3,9.98,80018,80874122.52,3.16,0.2,0.02,10.6
2022-10-14,003018,10.14,10.15,10.17,9.95,71568,72099020.54,2.17,-0.1,-0.01,9.48
2022-10-17,003018,10.03,10.15,10.15,9.87,55135,55351907.0,2.76,0.0,0.0,7.3
2022-10-18,003018,10.15,10.01,10.25,9.95,54376,54605084.63,2.96,-1.38,-0.14,7.2
2022-10-19,003018,9.9,10.24,10.53,9.88,102095,104718047.36,6.49,2.3,0.23,13.52
2022-10-20,003018,10.16,10.01,10.47,9.96,80743,82310140.54,4.98,-2.25,-0.23,10.69
2022-10-21,003018,9.9,9.47,10.04,9.39,83690,81134675.2,6.49,-5.39,-0.54,11.08
2022-10-24,003018,9.47,10.42,10.42,9.47,92905,96058017.56,10.03,10.03,0.95,12.3
2022-10-25,003018,10.48,10.66,11.29,10.43,244932,262598706.23,8.25,2.3,0.24,32.43
2022-10-26,003018,10.39,10.84,10.98,10.31,167461,177339209.73,6.29,1.69,0.18,22.17
2022-10-27,003018,10.53,10.53,10.73,10.46,98844,104542459.6,2.49,-2.86,-0.31,13.09
2022-10-28,003018,10.45,10.02,10.45,9.95,93482,94970593.59,4.75,-4.84,-0.51,12.38
2022-10-31,003018,10.08,10.25,10.89,9.96,72160,74157798.0,9.28,2.3,0.23,9.55
2022-11-01,003018,10.25,10.35,10.49,10.06,64582,65951832.96,4.2,0.98,0.1,8.55
2022-11-02,003018,10.31,10.22,10.31,10.11,61027,62241445.55,1.93,-1.26,-0.13,8.08
2022-11-03,003018,10.11,10.71,10.79,10.06,130354,137984642.55,7.14,4.79,0.49,17.26
2022-11-04,003018,10.55,10.64,10.69,10.46,80241,84864830.76,2.15,-0.65,-0.07,10.62
2022-11-07,003018,10.58,10.68,10.69,10.51,58833,62388587.53,1.69,0.38,0.04,7.79
2022-11-08,003018,10.87,10.42,10.88,10.41,56158,59204566.39,4.4,-2.43,-0.26,7.44
2022-11-09,003018,10.43,10.77,11.3,10.43,109803,119135321.39,8.35,3.36,0.35,14.54
2022-11-10,003018,10.78,10.91,11.17,10.6,122611,133920516.11,5.29,1.3,0.14,16.24
2022-11-11,003018,11.1,10.81,11.18,10.74,75393,82216973.43,4.03,-0.92,-0.1,9.98
2022-11-14,003018,10.74,10.73,10.86,10.53,57352,61132867.89,3.05,-0.74,-0.08,7.59
2022-11-15,003018,10.72,10.87,10.94,10.62,65692,70719863.14,2.98,1.3,0.14,8.7
2022-11-16,003018,10.8,10.62,10.8,10.56,52657,56092105.6,2.21,-2.3,-0.25,6.97
2022-11-17,003018,10.54,10.68,10.68,10.4,42901,45159354.85,2.64,0.56,0.06,5.68
2022-11-18,003018,10.67,10.39,10.68,10.26,47024,49191372.29,3.93,-2.72,-0.29,6.23
2022-11-21,003018,10.38,10.44,10.49,10.15,33252,34301443.0,3.27,0.48,0.05,4.4
2022-11-22,003018,10.39,10.56,10.59,10.25,49224,51544622.4,3.26,1.15,0.12,6.52
2022-11-23,003018,10.45,10.24,10.46,10.13,34079,34911950.0,3.13,-3.03,-0.32,4.51
2022-11-24,003018,10.24,10.28,10.28,10.18,21577,22089465.46,0.98,0.39,0.04,2.86
2022-11-25,003018,10.24,10.29,10.44,10.1,24284,24805194.0,3.31,0.1,0.01,3.22
2022-11-28,003018,10.16,10.15,10.24,10.06,16041,16241070.0,1.75,-1.36,-0.14,2.12
2022-11-29,003018,10.18,10.25,10.27,10.14,24824,25367454.08,1.28,0.99,0.1,3.29
2022-11-30,003018,10.25,10.27,10.3,10.1,22092,22558179.0,1.95,0.2,0.02,2.93
2022-12-01,003018,10.32,10.32,10.4,10.25,23058,23776314.63,1.46,0.49,0.05,3.05
2022-12-02,003018,10.32,10.28,10.33,10.21,15114,15500320.0,1.16,-0.39,-0.04,2.0
2022-12-05,003018,10.24,10.36,10.36,10.22,19125,19690235.15,1.36,0.78,0.08,2.53
2022-12-06,003018,10.36,10.27,10.36,10.2,16422,16848484.21,1.54,-0.87,-0.09,2.17
2022-12-07,003018,10.23,10.11,10.26,10.07,18836,19113525.0,1.85,-1.56,-0.16,2.49
2022-12-08,003018,10.09,10.06,10.1,9.91,22808,22824600.93,1.88,-0.49,-0.05,3.02
2022-12-09,003018,10.1,10.21,10.24,10.02,22893,23258335.87,2.19,1.49,0.15,3.03
2022-12-12,003018,10.25,10.06,10.26,10.05,13961,14155246.96,2.06,-1.47,-0.15,1.85
2022-12-13,003018,10.14,10.29,10.29,10.06,22756,23222970.0,2.29,2.29,0.23,3.01
2022-12-14,003018,10.17,10.22,10.32,10.11,18407,18829084.36,2.04,-0.68,-0.07,2.44
2022-12-15,003018,10.18,10.24,10.29,10.13,13898,14196824.29,1.57,0.2,0.02,1.84
2022-12-16,003018,10.15,10.1,10.23,10.03,12811,12936424.45,1.95,-1.37,-0.14,1.7
2022-12-19,003018,10.09,9.62,10.09,9.58,25782,25210040.0,5.05,-4.75,-0.48,3.41
2022-12-20,003018,9.62,9.58,9.7,9.51,10876,10452734.0,1.98,-0.42,-0.04,1.44
2022-12-21,003018,9.75,9.73,9.8,9.54,12751,12337803.0,2.71,1.57,0.15,1.69
2022-12-22,003018,9.78,9.5,9.79,9.5,10218,9870047.0,2.98,-2.36,-0.23,1.35
2022-12-23,003018,9.51,9.4,9.61,9.31,11677,11036062.84,3.16,-1.05,-0.1,1.55
2022-12-26,003018,9.45,9.54,9.59,9.42,7297,6948489.0,1.81,1.49,0.14,0.97
2022-12-27,003018,9.57,9.65,9.66,9.5,7086,6804153.46,1.68,1.15,0.11,0.94
2022-12-28,003018,9.66,9.49,9.66,9.41,10730,10184510.0,2.59,-1.66,-0.16,1.42
2022-12-29,003018,9.41,9.3,9.55,9.3,7728,7249522.0,2.63,-2.0,-0.19,1.02
2022-12-30,003018,9.28,9.39,9.48,9.28,9458,8895660.43,2.15,0.97,0.09,1.25
2023-01-03,003018,9.45,9.66,9.67,9.41,10755,10316199.28,2.77,2.88,0.27,1.42
2023-01-04,003018,9.67,9.78,9.85,9.64,13007,12690489.15,2.17,1.24,0.12,1.71
2023-01-05,003018,9.8,9.73,9.84,9.69,12779,12452636.8,1.53,-0.51,-0.05,1.68
2023-01-06,003018,9.78,9.6,9.79,9.6,11820,11430883.0,1.95,-1.34,-0.13,1.56
2023-01-09,003018,9.61,9.58,9.69,9.52,11407,10937813.2,1.77,-0.21,-0.02,1.5
2023-01-10,003018,9.62,9.64,9.66,9.54,11113,10672736.0,1.25,0.63,0.06,1.46
2023-01-11,003018,9.56,9.42,9.64,9.41,11717,11134974.0,2.39,-2.28,-0.22,1.54
2023-01-12,003018,9.42,9.4,9.49,9.35,8061,7586072.63,1.49,-0.21,-0.02,1.06
2023-01-13,003018,9.42,9.37,9.5,9.35,7350,6896043.27,1.6,-0.32,-0.03,0.97
2023-01-16,003018,9.49,9.49,9.52,9.37,9198,8711324.0,1.6,1.28,0.12,1.21
2023-01-17,003018,9.47,9.54,9.54,9.43,8541,8099193.0,1.16,0.53,0.05,1.13
2023-01-18,003018,9.47,9.59,9.62,9.47,10097,9681766.2,1.57,0.52,0.05,1.33
2023-01-19,003018,9.64,9.76,9.8,9.52,14055,13653288.0,2.92,1.77,0.17,1.85
2023-01-20,003018,9.76,9.79,9.9,9.7,11895,11685342.1,2.05,0.31,0.03,1.57
2023-01-30,003018,9.9,9.93,9.97,9.81,14818,14699383.0,1.63,1.43,0.14,1.95
2023-01-31,003018,9.93,9.99,10.0,9.88,12759,12716531.26,1.21,0.6,0.06,1.68
2023-02-01,003018,10.03,10.15,10.15,9.93,17171,17289416.0,2.2,1.6,0.16,2.26
2023-02-02,003018,10.15,10.21,10.22,10.07,18213,18497728.0,1.48,0.59,0.06,2.4
2023-02-03,003018,10.19,10.19,10.28,10.1,15965,16234326.81,1.76,-0.2,-0.02,2.1
2023-02-06,003018,10.18,10.15,10.22,10.1,13445,13649223.92,1.18,-0.39,-0.04,1.77
2023-02-07,003018,10.14,10.19,10.2,9.9,12308,12491141.1,2.96,0.39,0.04,1.62
2023-02-08,003018,10.19,10.2,10.25,10.15,13161,13456371.0,0.98,0.1,0.01,1.73
2023-02-09,003018,10.25,10.33,10.33,10.16,15783,16232340.76,1.67,1.27,0.13,2.08
2023-02-10,003018,10.3,10.41,10.47,10.3,18988,19748037.36,1.65,0.77,0.08,2.5
2023-02-13,003018,10.44,10.46,10.48,10.33,21847,22761995.8,1.44,0.48,0.05,2.88
2023-02-14,003018,10.57,10.43,10.59,10.39,16695,17458560.02,1.91,-0.29,-0.03,2.2
2023-02-15,003018,10.45,10.48,10.54,10.41,15564,16274221.39,1.25,0.48,0.05,2.05
2023-02-16,003018,10.42,10.18,10.53,10.15,19582,20293302.0,3.63,-2.86,-0.3,2.58
2023-02-17,003018,10.21,10.26,10.38,10.19,16721,17174177.0,1.87,0.79,0.08,2.2
2023-02-20,003018,10.31,10.3,10.31,10.15,13693,14025371.0,1.56,0.39,0.04,1.8
2023-02-21,003018,10.31,10.28,10.36,10.23,8736,8985951.99,1.26,-0.19,-0.02,1.15
2023-02-22,003018,10.28,10.43,10.45,10.2,14671,15222224.69,2.43,1.46,0.15,1.93
2023-02-23,003018,10.45,10.39,10.47,10.34,14383,14977087.0,1.25,-0.38,-0.04,1.9
2023-02-24,003018,10.43,10.43,10.47,10.37,14582,15194597.6,0.96,0.38,0.04,1.92
2023-02-27,003018,10.42,10.27,10.47,10.2,12847,13246837.0,2.59,-1.53,-0.16,1.69
2023-02-28,003018,10.28,10.41,10.41,10.28,10157,10505640.0,1.27,1.36,0.14,1.34
2023-03-01,003018,10.41,10.46,10.47,10.34,13481,14024797.8,1.25,0.48,0.05,1.78
2023-03-02,003018,10.47,10.39,10.47,10.32,9262,9628845.58,1.43,-0.67,-0.07,1.22
2023-03-03,003018,10.39,10.34,10.44,10.23,11939,12319840.0,2.02,-0.48,-0.05,1.57
2023-03-06,003018,10.31,10.35,10.44,10.31,13034,13533670.0,1.26,0.1,0.01,1.72
2023-03-07,003018,10.36,10.16,10.39,10.16,11393,11703908.4,2.22,-1.84,-0.19,1.5
2023-03-08,003018,10.15,10.27,10.33,10.08,11495,11745504.26,2.46,1.08,0.11,1.51
2023-03-09,003018,10.27,10.29,10.32,10.15,9854,10097782.36,1.66,0.19,0.02,1.3
2023-03-10,003018,10.22,10.13,10.3,10.13,9789,9974858.0,1.65,-1.55,-0.16,1.29
2023-03-13,003018,10.19,10.04,10.19,10.0,9920,9977289.0,1.88,-0.89,-0.09,1.31
2023-03-14,003018,10.09,9.88,10.09,9.8,12266,12180701.0,2.89,-1.59,-0.16,1.62
2023-03-15,003018,9.92,10.11,10.17,9.92,10414,10493914.89,2.53,2.33,0.23,1.37
2023-03-16,003018,10.01,9.98,10.12,9.98,11896,11945790.0,1.38,-1.29,-0.13,1.57
2023-03-17,003018,10.08,9.95,10.12,9.92,9281,9305641.0,2.0,-0.3,-0.03,1.22
2023-03-20,003018,9.98,9.98,10.03,9.86,11067,11014096.0,1.71,0.3,0.03,1.46
2023-03-21,003018,10.09,10.22,10.23,9.91,13125,13258189.59,3.21,2.4,0.24,1.73
2023-03-22,003018,10.18,10.3,10.35,10.18,17413,17925480.63,1.66,0.78,0.08,2.29
2023-03-23,003018,10.26,10.29,10.37,10.21,12945,13301435.72,1.55,-0.1,-0.01,1.71
2023-03-24,003018,10.28,10.36,10.4,10.26,17275,17859549.58,1.36,0.68,0.07,2.28
2023-03-27,003018,10.29,10.13,10.35,10.01,22318,22723442.7,3.28,-2.22,-0.23,2.94
2023-03-28,003018,10.12,9.81,10.13,9.73,28066,27661002.17,3.95,-3.16,-0.32,3.7
2023-03-29,003018,9.8,9.78,9.87,9.6,22220,21568377.9,2.75,-0.31,-0.03,2.93
2023-03-30,003018,9.7,9.55,9.72,9.51,15442,14793412.3,2.15,-2.35,-0.23,2.03
2023-03-31,003018,9.55,9.57,9.64,9.51,12702,12155665.0,1.36,0.21,0.02,1.67
2023-04-03,003018,9.54,9.65,9.7,9.5,17157,16451937.41,2.09,0.84,0.08,2.26
2023-04-04,003018,9.65,9.41,9.66,9.39,15721,14923575.0,2.8,-2.49,-0.24,2.07
2023-04-06,003018,9.41,9.41,9.52,9.33,13085,12352656.0,2.02,0.0,0.0,1.72
2023-04-07,003018,9.41,9.65,9.69,9.38,21123,20207491.94,3.29,2.55,0.24,2.78
2023-04-10,003018,9.85,9.42,9.85,9.36,53394,50791207.24,5.08,-2.38,-0.23,7.04
2023-04-11,003018,9.42,9.16,9.42,9.13,35481,32687469.0,3.08,-2.76,-0.26,4.67
2023-04-12,003018,9.2,9.26,9.33,9.16,23716,21899664.0,1.86,1.09,0.1,3.12
2023-04-13,003018,9.33,9.22,9.33,9.16,14930,13845114.26,1.84,-0.43,-0.04,1.97
2023-04-14,003018,9.22,9.25,9.29,9.18,12037,11111527.0,1.19,0.33,0.03,1.59
2023-04-17,003018,9.3,9.22,9.3,9.2,10986,10139087.83,1.08,-0.32,-0.03,1.45
2023-04-18,003018,9.25,9.21,9.26,9.15,10504,9659935.0,1.19,-0.11,-0.01,1.38
2023-04-19,003018,9.2,9.17,9.23,9.12,12561,11494569.56,1.19,-0.43,-0.04,1.66
2023-04-20,003018,9.17,9.1,9.19,9.03,11125,10090507.0,1.74,-0.76,-0.07,1.47
2023-04-21,003018,9.15,8.84,9.15,8.81,18265,16321392.95,3.74,-2.86,-0.26,2.41
2023-04-24,003018,8.86,8.96,8.96,8.7,11523,10176945.32,2.94,1.36,0.12,1.52
2023-04-25,003018,8.9,8.76,8.97,8.69,13726,12033261.0,3.13,-2.23,-0.2,1.81
2023-04-26,003018,8.8,8.91,9.07,8.63,19551,17483772.06,5.02,1.71,0.15,2.58
2023-04-27,003018,8.84,9.02,9.06,8.77,12474,11182336.84,3.25,1.23,0.11,1.64
2023-04-28,003018,8.96,9.25,9.26,8.95,15557,14257774.2,3.44,2.55,0.23,2.05
2023-05-04,003018,9.21,9.36,9.4,9.21,17394,16228477.0,2.05,1.19,0.11,2.29
2023-05-05,003018,9.33,9.41,9.44,9.3,16867,15809957.59,1.5,0.53,0.05,2.22
2023-05-08,003018,9.36,9.38,9.52,9.31,10793,10134697.07,2.23,-0.32,-0.03,1.42
2023-05-09,003018,9.35,9.31,9.45,9.29,11520,10787591.0,1.71,-0.75,-0.07,1.52
2023-05-10,003018,9.29,9.4,9.45,9.29,11847,11134479.0,1.72,0.97,0.09,1.56
2023-05-11,003018,9.4,9.43,9.47,9.32,7746,7284754.75,1.6,0.32,0.03,1.02
2023-05-12,003018,9.41,9.51,9.54,9.36,9020,8554278.87,1.91,0.85,0.08,1.19
2023-05-15,003018,9.51,9.42,9.51,9.29,9233,8666543.74,2.31,-0.95,-0.09,1.22
2023-05-16,003018,9.45,9.42,9.45,9.34,6747,6336386.95,1.17,0.0,0.0,0.89
2023-05-17,003018,9.36,9.5,9.55,9.36,8463,8034299.96,2.02,0.85,0.08,1.12
2023-05-18,003018,9.48,9.67,9.7,9.47,16572,15948846.46,2.42,1.79,0.17,2.18
2023-05-19,003018,9.61,9.63,9.67,9.55,10146,9737915.93,1.24,-0.41,-0.04,1.34
2023-05-22,003018,9.63,9.68,9.7,9.59,10338,9957593.0,1.14,0.52,0.05,1.36
2023-05-23,003018,9.63,9.62,9.73,9.57,5322,5142817.0,1.65,-0.62,-0.06,0.7
2023-05-24,003018,9.58,9.6,9.66,9.5,6950,6667859.0,1.66,-0.21,-0.02,0.92
2023-05-25,003018,9.55,9.6,9.63,9.4,10577,10053107.0,2.4,0.0,0.0,1.39
2023-05-26,003018,9.6,9.64,9.67,9.46,7704,7379576.0,2.19,0.42,0.04,1.02
2023-05-29,003018,9.63,9.53,9.77,9.41,21388,20396067.0,3.73,-1.14,-0.11,2.82
2023-05-30,003018,9.49,9.46,9.53,9.3,13245,12469198.1,2.41,-0.73,-0.07,1.75
2023-05-31,003018,9.42,9.47,9.53,9.42,8895,8418604.0,1.16,0.11,0.01,1.17
2023-06-01,003018,9.46,9.54,9.63,9.37,10801,10291997.0,2.75,0.74,0.07,1.42
2023-06-02,003018,9.49,9.65,9.69,9.48,12165,11665395.0,2.2,1.15,0.11,1.6
2023-06-05,003018,9.66,9.71,9.73,9.58,7604,7339738.0,1.55,0.62,0.06,1.0
2023-06-06,003018,9.69,9.56,9.77,9.52,9470,9136476.0,2.57,-1.54,-0.15,1.25
2023-06-07,003018,9.58,9.63,9.66,9.45,8806,8467450.0,2.2,0.73,0.07,1.16
2023-06-08,003018,9.64,9.58,9.73,9.57,7933,7642564.0,1.66,-0.52,-0.05,1.05
2023-06-09,003018,9.48,9.48,9.59,9.46,7402,7037677.0,1.36,-1.04,-0.1,0.98
2023-06-12,003018,9.46,9.68,9.7,9.31,16903,16075439.0,4.11,2.11,0.2,2.23
2023-06-13,003018,9.67,9.88,9.93,9.63,23190,22813582.0,3.1,2.07,0.2,3.06
2023-06-14,003018,9.82,9.79,9.95,9.71,24446,24004839.0,2.43,-0.91,-0.09,3.22
2023-06-15,003018,9.75,9.57,9.78,9.54,13175,12674668.73,2.45,-2.25,-0.22,1.74
2023-06-16,003018,9.56,9.53,9.68,9.5,11446,10977840.94,1.88,-0.42,-0.04,1.51
2023-06-19,003018,9.6,9.34,9.6,9.3,12995,12215162.1,3.15,-1.99,-0.19,1.71
2023-06-20,003018,9.34,9.34,9.41,9.26,11896,11085808.16,1.61,0.0,0.0,1.57
2023-06-21,003018,9.28,9.16,9.34,9.13,11092,10231852.0,2.25,-1.93,-0.18,1.46
2023-06-26,003018,9.11,9.11,9.19,9.0,14729,13362651.64,2.07,-0.55,-0.05,1.94
2023-06-27,003018,9.09,9.38,9.4,9.09,11665,10875124.0,3.4,2.96,0.27,1.54
2023-06-28,003018,9.3,9.42,9.43,9.25,9484,8872336.0,1.92,0.43,0.04,1.25
2023-06-29,003018,9.44,9.58,9.62,9.39,11881,11353183.74,2.44,1.7,0.16,1.57
2023-06-30,003018,9.65,9.67,9.68,9.5,13085,12607304.09,1.88,0.94,0.09,1.72
2023-07-03,003018,9.72,9.79,9.87,9.7,10723,10485175.0,1.76,1.24,0.12,1.41
2023-07-04,003018,9.82,9.89,9.93,9.72,10785,10642663.0,2.15,1.02,0.1,1.42
2023-07-05,003018,9.89,9.88,9.93,9.8,12489,12352763.0,1.31,-0.1,-0.01,1.65
2023-07-06,003018,9.91,9.83,9.91,9.8,10408,10257028.0,1.11,-0.51,-0.05,1.37
2023-07-07,003018,9.88,9.88,9.91,9.77,9529,9396967.0,1.42,0.51,0.05,1.26
2023-07-10,003018,9.88,9.84,9.96,9.79,7199,7096867.0,1.72,-0.4,-0.04,0.95
2023-07-11,003018,9.9,9.87,9.9,9.77,8407,8266167.0,1.32,0.3,0.03,1.11
2023-07-12,003018,9.87,9.83,9.94,9.78,9703,9565747.0,1.62,-0.41,-0.04,1.28
2023-07-13,003018,9.84,9.87,9.91,9.77,8128,8001877.0,1.42,0.41,0.04,1.07
2023-07-14,003018,9.92,9.8,9.94,9.77,6366,6243498.0,1.72,-0.71,-0.07,0.84
2023-07-17,003018,9.8,9.92,9.94,9.72,10382,10199856.82,2.24,1.22,0.12,1.37
2023-07-18,003018,9.85,9.92,9.97,9.82,10201,10095004.41,1.51,0.0,0.0,1.34
2023-07-19,003018,9.92,10.03,10.06,9.88,14330,14325516.1,1.81,1.11,0.11,1.89
2023-07-20,003018,10.05,9.99,10.1,9.95,10019,10040224.0,1.5,-0.4,-0.04,1.32
2023-07-21,003018,9.93,9.95,10.05,9.92,10983,10961283.0,1.3,-0.4,-0.04,1.45
2023-07-24,003018,9.91,9.99,10.05,9.91,9677,9656015.0,1.41,0.4,0.04,1.28
2023-07-25,003018,10.03,10.06,10.1,9.97,11120,11170991.0,1.3,0.7,0.07,1.47
2023-07-26,003018,10.06,10.14,10.14,10.01,10523,10630944.73,1.29,0.8,0.08,1.39
2023-07-27,003018,10.18,9.97,10.25,9.92,27406,27562597.0,3.25,-1.68,-0.17,3.61
2023-07-28,003018,9.95,9.94,10.06,9.78,23919,23791499.6,2.81,-0.3,-0.03,3.15
2023-07-31,003018,9.93,9.98,10.0,9.8,20964,20770570.0,2.01,0.4,0.04,2.76
2023-08-01,003018,9.98,9.88,9.98,9.76,17179,16883876.0,2.2,-1.0,-0.1,2.26
2023-08-02,003018,9.81,9.87,9.91,9.81,7554,7442309.08,1.01,-0.1,-0.01,1.0
2023-08-03,003018,9.87,9.73,9.87,9.67,13718,13348055.0,2.03,-1.42,-0.14,1.81
2023-08-04,003018,9.74,9.7,9.87,9.68,17642,17194050.0,1.95,-0.31,-0.03,2.32
2023-08-07,003018,9.7,9.55,9.71,9.52,14831,14188683.0,1.96,-1.55,-0.15,1.95
2023-08-08,003018,9.56,9.6,9.66,9.5,15358,14709753.0,1.68,0.52,0.05,2.02
2023-08-09,003018,9.65,9.44,9.65,9.42,14054,13314897.0,2.4,-1.67,-0.16,1.85
2023-08-10,003018,9.47,9.55,9.58,9.41,9337,8873611.0,1.8,1.17,0.11,1.23
2023-08-11,003018,9.51,9.54,9.64,9.51,11621,11132407.0,1.36,-0.1,-0.01,1.53
2023-08-14,003018,9.5,9.62,9.62,9.43,11626,11100530.0,1.99,0.84,0.08,1.53
2023-08-15,003018,9.56,9.64,9.7,9.56,8981,8644666.47,1.46,0.21,0.02,1.18
2023-08-16,003018,9.61,9.65,9.72,9.54,8088,7808208.0,1.87,0.1,0.01,1.07
2023-08-17,003018,9.62,9.73,9.75,9.53,9267,8933231.0,2.28,0.83,0.08,1.22
2023-08-18,003018,9.73,9.82,10.03,9.7,25368,25133713.0,3.39,0.92,0.09,3.34
2023-08-21,003018,9.8,10.03,10.03,9.78,27122,26995676.0,2.55,2.14,0.21,3.57
2023-08-22,003018,9.94,9.47,9.98,9.43,42442,40869693.21,5.48,-5.58,-0.56,5.59
2023-08-23,003018,9.45,9.35,9.53,9.22,29451,27705801.04,3.27,-1.27,-0.12,3.88
2023-08-24,003018,9.4,9.21,9.52,9.16,22817,21149972.26,3.85,-1.5,-0.14,3.01
2023-08-25,003018,9.28,9.21,9.42,9.16,18227,16896825.0,2.82,0.0,0.0,2.4
2023-08-28,003018,9.51,9.43,9.71,9.4,27187,25992144.06,3.37,2.39,0.22,3.58
2023-08-29,003018,9.47,9.96,9.98,9.47,53005,52062228.0,5.41,5.62,0.53,6.98
2023-08-30,003018,9.97,10.09,10.32,9.97,50514,51502256.23,3.51,1.31,0.13,6.66
2023-08-31,003018,10.09,10.13,10.35,10.01,45592,46512619.0,3.37,0.4,0.04,6.01
2023-09-01,003018,10.02,10.17,10.28,10.02,36213,36836712.0,2.57,0.39,0.04,4.77
2023-09-04,003018,10.16,10.33,10.37,10.16,34604,35659826.0,2.06,1.57,0.16,4.56
2023-09-05,003018,10.22,10.38,10.39,10.22,25775,26634523.1,1.65,0.48,0.05,3.4
2023-09-06,003018,10.28,10.23,10.49,10.22,20303,20962971.0,2.6,-1.45,-0.15,2.68
2023-09-07,003018,10.36,10.18,10.36,10.16,24538,25162371.42,1.96,-0.49,-0.05,3.23
2023-09-08,003018,10.2,10.15,10.25,10.12,12340,12560116.0,1.28,-0.29,-0.03,1.63
2023-09-11,003018,10.18,10.17,10.25,10.09,15140,15395245.0,1.58,0.2,0.02,1.99
2023-09-12,003018,10.2,10.18,10.29,10.1,11077,11270190.0,1.87,0.1,0.01,1.46
2023-09-13,003018,10.18,10.12,10.25,10.04,12609,12745968.26,2.06,-0.59,-0.06,1.66
2023-09-14,003018,10.17,10.1,10.18,10.02,14688,14816228.0,1.58,-0.2,-0.02,1.94
2023-09-15,003018,10.1,10.1,10.22,9.91,16089,16282956.16,3.07,0.0,0.0,2.12
2023-09-18,003018,10.06,10.25,10.27,10.01,15649,15952399.0,2.57,1.49,0.15,2.06
2023-09-19,003018,10.2,10.13,10.29,10.08,19076,19361765.24,2.05,-1.17,-0.12,2.51
2023-09-20,003018,10.14,10.08,10.19,10.05,10934,11056251.0,1.38,-0.49,-0.05,1.44
2023-09-21,003018,10.1,10.07,10.21,10.0,11889,12004918.0,2.08,-0.1,-0.01,1.57
2023-09-22,003018,10.04,10.21,10.24,10.01,12433,12636942.0,2.28,1.39,0.14,1.64
2023-09-25,003018,10.18,10.18,10.29,10.12,10244,10441143.92,1.67,-0.29,-0.03,1.35
2023-09-26,003018,10.22,10.11,10.22,10.05,10550,10672525.0,1.67,-0.69,-0.07,1.39
2023-09-27,003018,10.08,10.17,10.24,10.03,10680,10866423.0,2.08,0.59,0.06,1.41
2023-09-28,003018,10.2,10.33,10.36,10.14,15794,16277450.0,2.16,1.57,0.16,2.08
2023-10-09,003018,10.34,10.15,10.39,10.11,14697,15053354.0,2.71,-1.74,-0.18,1.94
2023-10-10,003018,10.28,9.99,10.28,9.95,11896,11918314.0,3.25,-1.58,-0.16,1.57
2023-10-11,003018,9.93,9.91,10.05,9.88,16310,16208960.0,1.7,-0.8,-0.08,2.15
2023-10-12,003018,9.9,9.96,10.02,9.82,12285,12180335.0,2.02,0.5,0.05,1.62
2023-10-13,003018,9.99,9.84,9.99,9.74,13366,13137556.0,2.51,-1.2,-0.12,1.76
2023-10-16,003018,9.84,9.93,10.0,9.8,14389,14256625.19,2.03,0.91,0.09,1.9
2023-10-17,003018,9.93,9.94,10.02,9.85,12007,11928624.0,1.71,0.1,0.01,1.58
2023-10-18,003018,9.94,9.7,10.01,9.69,9706,9517860.0,3.22,-2.41,-0.24,1.28
2023-10-19,003018,9.66,9.71,9.92,9.57,12151,11869431.0,3.61,0.1,0.01,1.6
2023-10-20,003018,9.6,9.78,9.89,9.6,12894,12589802.17,2.99,0.72,0.07,1.7
2023-10-23,003018,9.75,9.51,9.79,9.38,15536,14832858.0,4.19,-2.76,-0.27,2.05
2023-10-24,003018,9.5,9.95,9.99,9.45,20047,19808537.0,5.68,4.63,0.44,2.64
2023-10-25,003018,9.96,10.03,10.04,9.84,13606,13600242.54,2.01,0.8,0.08,1.79
2023-10-26,003018,9.96,9.98,10.06,9.82,13231,13113797.0,2.39,-0.5,-0.05,1.74
2023-10-27,003018,10.0,10.14,10.14,9.92,16095,16201093.0,2.2,1.6,0.16,2.12
2023-10-30,003018,10.15,10.24,10.31,10.08,19401,19837132.75,2.27,0.99,0.1,2.56
2023-10-31,003018,10.24,10.29,10.35,10.22,13639,14030422.0,1.27,0.49,0.05,1.8
2023-11-01,003018,10.33,10.43,10.45,10.2,17876,18552922.45,2.43,1.36,0.14,2.36
2023-11-02,003018,10.4,10.35,10.44,10.29,15370,15929631.0,1.44,-0.77,-0.08,2.03
2023-11-03,003018,10.4,10.32,10.43,10.22,18345,18959028.0,2.03,-0.29,-0.03,2.42
2023-11-06,003018,10.33,10.44,10.45,10.26,18722,19447542.02,1.84,1.16,0.12,1.41
2023-11-07,003018,10.38,10.27,10.43,10.21,33990,34943596.0,2.11,-1.63,-0.17,2.56
2023-11-08,003018,10.27,10.25,10.4,10.23,21816,22495784.0,1.66,-0.19,-0.02,1.64
2023-11-09,003018,10.3,10.35,10.47,10.24,24083,24935048.0,2.24,0.98,0.1,1.81
2023-11-10,003018,10.3,10.49,10.6,10.18,35132,36705906.88,4.06,1.35,0.14,2.65
2023-11-13,003018,10.43,10.5,10.5,10.33,26882,28002369.0,1.62,0.1,0.01,2.03
2023-11-14,003018,10.5,10.5,10.58,10.35,19027,19858747.23,2.19,0.0,0.0,1.43
2023-11-15,003018,10.54,10.46,10.58,10.43,16283,17066070.96,1.43,-0.38,-0.04,1.23
2023-11-16,003018,10.45,10.42,10.48,10.39,12618,13173199.49,0.86,-0.38,-0.04,0.95
2023-11-17,003018,10.57,10.54,10.58,10.42,15511,16289190.0,1.54,1.15,0.12,1.17
2023-11-20,003018,10.56,10.71,10.72,10.51,21467,22808458.53,1.99,1.61,0.17,1.62
2023-11-21,003018,10.67,10.62,10.73,10.59,12623,13451362.0,1.31,-0.84,-0.09,0.95
2023-11-22,003018,10.62,10.61,10.7,10.59,18769,19971240.0,1.04,-0.09,-0.01,1.41
2023-11-23,003018,10.56,10.65,10.66,10.55,12030,12761203.74,1.04,0.38,0.04,0.91
2023-11-24,003018,10.6,10.56,10.68,10.5,15945,16837348.0,1.69,-0.85,-0.09,1.2
2023-11-27,003018,10.53,10.45,10.57,10.33,26881,28004113.0,2.27,-1.04,-0.11,2.02
2023-11-28,003018,10.5,10.62,10.64,10.36,17873,18861112.0,2.68,1.63,0.17,1.35
2023-11-29,003018,10.63,10.64,10.7,10.58,16060,17072658.0,1.13,0.19,0.02,1.21
2023-11-30,003018,10.58,10.58,10.7,10.42,14326,15091312.0,2.63,-0.56,-0.06,1.08
2023-12-01,003018,10.59,10.49,10.64,10.48,16085,16962331.0,1.51,-0.85,-0.09,1.21
2023-12-04,003018,10.51,10.53,10.64,10.5,17326,18322966.0,1.33,0.38,0.04,1.31
2023-12-05,003018,10.52,10.53,10.66,10.52,19807,20994788.0,1.33,0.0,0.0,1.49
2023-12-06,003018,10.49,10.57,10.65,10.45,16477,17434969.0,1.9,0.38,0.04,1.24
2023-12-07,003018,10.5,10.57,10.67,10.5,15326,16193818.0,1.61,0.0,0.0,1.15
2023-12-08,003018,10.56,9.95,10.57,9.81,53369,54078893.4,7.19,-5.87,-0.62,4.02
2023-12-11,003018,9.95,10.22,10.28,9.94,42307,43024692.0,3.42,2.71,0.27,3.19
2023-12-12,003018,10.23,10.39,10.42,10.16,21703,22340748.0,2.54,1.66,0.17,1.63
2023-12-13,003018,10.42,10.41,10.55,10.28,20113,20975322.0,2.6,0.19,0.02,1.52
2023-12-14,003018,10.44,10.45,10.63,10.43,16775,17648545.26,1.92,0.38,0.04,1.26
2023-12-15,003018,10.55,10.43,10.55,10.29,16674,17315497.0,2.49,-0.19,-0.02,1.26
2023-12-18,003018,10.41,10.36,10.5,10.27,21961,22810287.73,2.21,-0.67,-0.07,1.65
2023-12-19,003018,10.37,10.37,10.48,10.2,14367,14840758.0,2.7,0.1,0.01,1.08
2023-12-20,003018,10.36,10.43,10.6,10.33,15092,15836242.0,2.6,0.58,0.06,1.14
2023-12-21,003018,10.37,10.57,10.59,10.19,18621,19381506.08,3.84,1.34,0.14,1.4
2023-12-22,003018,10.63,10.42,10.69,10.42,17056,17948091.0,2.55,-1.42,-0.15,1.28
2023-12-25,003018,10.41,10.22,10.45,10.14,21590,22086115.68,2.98,-1.92,-0.2,1.63
2023-12-26,003018,10.23,10.09,10.26,10.04,13953,14151425.3,2.15,-1.27,-0.13,1.05
2023-12-27,003018,10.1,10.17,10.27,10.06,12717,12913440.0,2.08,0.79,0.08,0.96
2023-12-28,003018,10.12,10.38,10.42,10.06,16576,17012094.0,3.54,2.06,0.21,1.25
2023-12-29,003018,10.38,10.65,10.68,10.38,23787,25155070.5,2.89,2.6,0.27,1.79
2024-01-02,003018,10.7,10.94,11.22,10.7,50349,55207790.0,4.88,2.72,0.29,3.79
2024-01-03,003018,10.94,10.85,11.03,10.75,39389,42692897.0,2.56,-0.82,-0.09,2.97
2024-01-04,003018,10.85,10.89,10.95,10.81,18393,19997855.0,1.29,0.37,0.04,1.39
2024-01-05,003018,10.87,10.93,11.0,10.79,34151,37199787.0,1.93,0.37,0.04,2.57
2024-01-08,003018,10.89,10.67,10.9,10.6,31465,33795685.0,2.74,-2.38,-0.26,2.37
2024-01-09,003018,10.61,10.76,10.88,10.61,30278,32561392.2,2.53,0.84,0.09,2.28
2024-01-10,003018,10.75,10.67,10.9,10.62,28210,30266976.0,2.6,-0.84,-0.09,2.13
2024-01-11,003018,10.72,10.7,10.83,10.64,24109,25847262.0,1.78,0.28,0.03,1.82
2024-01-12,003018,10.74,10.66,10.93,10.66,27883,30078025.0,2.52,-0.37,-0.04,2.1
2024-01-15,003018,10.65,10.77,10.8,10.62,18668,20011350.0,1.69,1.03,0.11,1.41
2024-01-16,003018,10.76,10.75,10.88,10.55,21604,23118188.0,3.06,-0.19,-0.02,1.63
2024-01-17,003018,10.77,10.65,10.87,10.63,29099,31286243.0,2.23,-0.93,-0.1,2.19
2024-01-18,003018,10.63,10.39,10.64,10.11,35031,36237481.0,4.98,-2.44,-0.26,2.64
2024-01-19,003018,10.41,10.27,10.63,10.2,30080,31267317.0,4.14,-1.15,-0.12,2.27
2024-01-22,003018,10.23,9.67,10.34,9.52,30363,30130396.0,7.98,-5.84,-0.6,2.29
2024-01-23,003018,9.67,9.27,9.75,9.11,42945,39850079.36,6.62,-4.14,-0.4,3.24
2024-01-24,003018,9.25,9.14,9.44,8.75,47881,43423093.0,7.44,-1.4,-0.13,3.61
2024-01-25,003018,9.14,9.64,9.69,9.1,45060,42497234.33,6.46,5.47,0.5,3.4
2024-01-26,003018,9.59,9.79,9.96,9.59,32510,31907803.0,3.84,1.56,0.15,2.45
2024-01-29,003018,9.78,9.47,9.9,9.39,26827,25582969.26,5.21,-3.27,-0.32,2.02
2024-01-30,003018,9.38,9.02,9.5,8.99,33427,30546394.0,5.39,-4.75,-0.45,2.52
2024-01-31,003018,8.98,8.42,9.04,8.37,36900,31842852.72,7.43,-6.65,-0.6,2.78
2024-02-01,003018,8.39,8.22,8.39,7.86,35118,28480954.96,6.29,-2.38,-0.2,2.65
2024-02-02,003018,8.21,7.75,8.35,7.41,44615,34947099.0,11.44,-5.72,-0.47,3.36
2024-02-05,003018,7.76,6.98,7.76,6.98,41123,28871242.0,10.06,-9.94,-0.77,3.1
2024-02-06,003018,6.83,6.58,6.92,6.28,78149,50271263.16,9.17,-5.73,-0.4,5.89
2024-02-07,003018,6.54,5.93,6.6,5.92,76576,46238810.07,10.33,-9.88,-0.65,5.77
2024-02-08,003018,5.9,6.52,6.52,5.73,72499,44504394.45,13.32,9.95,0.59,5.46
2024-02-19,003018,6.68,6.92,6.94,6.62,58381,39834046.47,4.91,6.13,0.4,4.4
2024-02-20,003018,6.96,7.1,7.12,6.79,34544,24127507.0,4.77,2.6,0.18,2.6
2024-02-21,003018,7.08,7.23,7.47,6.9,35654,25960370.51,8.03,1.83,0.13,2.69
2024-02-22,003018,7.22,7.47,7.47,7.22,32659,24087430.0,3.46,3.32,0.24,2.46
2024-02-23,003018,7.47,7.79,7.87,7.47,32344,24749381.22,5.35,4.28,0.32,2.44
2024-02-26,003018,7.84,8.05,8.26,7.77,43553,34837590.0,6.29,3.34,0.26,3.28
2024-02-27,003018,8.04,8.32,8.32,7.94,26433,21710211.0,4.72,3.35,0.27,1.99
2024-02-28,003018,8.4,7.49,8.54,7.49,63664,50298598.0,12.62,-9.98,-0.83,4.8
2024-02-29,003018,7.29,7.75,7.79,7.27,46434,35388933.0,6.94,3.47,0.26,3.5
2024-03-01,003018,7.8,7.91,7.98,7.74,26317,20669606.05,3.1,2.06,0.16,1.98
2024-03-04,003018,7.95,7.92,7.99,7.8,20066,15847165.0,2.4,0.13,0.01,1.51
2024-03-05,003018,7.88,7.63,7.92,7.56,21477,16525804.0,4.55,-3.66,-0.29,1.62
2024-03-06,003018,7.59,7.82,7.89,7.59,20729,16113865.0,3.93,2.49,0.19,1.56
2024-03-07,003018,7.84,7.79,8.01,7.72,19183,15082823.36,3.71,-0.38,-0.03,1.45
2024-03-08,003018,7.83,7.9,7.96,7.7,20909,16382316.0,3.34,1.41,0.11,1.58
2024-03-11,003018,7.95,8.03,8.05,7.86,22854,18205091.0,2.41,1.65,0.13,1.72
2024-03-12,003018,8.04,8.21,8.23,7.95,26081,21110330.0,3.49,2.24,0.18,1.97
2024-03-13,003018,8.21,8.42,8.47,8.17,38094,31759068.0,3.65,2.56,0.21,2.87
2024-03-14,003018,8.5,8.69,9.26,8.4,119872,108042260.34,10.21,3.21,0.27,9.03
2024-03-15,003018,8.55,8.34,8.69,8.14,105312,87113702.68,6.33,-4.03,-0.35,7.94
2024-03-18,003018,8.26,8.37,8.37,8.22,70150,58132741.57,1.8,0.36,0.03,5.29
2024-03-19,003018,8.37,8.31,8.39,8.25,43153,35951219.4,1.67,-0.72,-0.06,3.25
2024-03-20,003018,8.32,8.36,8.37,8.25,38706,32202331.77,1.44,0.6,0.05,2.92
2024-03-21,003018,8.37,8.6,8.64,8.35,54843,46478373.9,3.47,2.87,0.24,4.13
2024-03-22,003018,8.62,8.31,8.66,8.26,47833,40157270.0,4.65,-3.37,-0.29,3.6
2024-03-25,003018,8.29,8.13,8.39,8.13,31517,26151049.0,3.13,-2.17,-0.18,2.38
2024-03-26,003018,8.14,8.27,8.28,8.01,25797,21047612.0,3.32,1.72,0.14,1.94
2024-03-27,003018,8.2,8.04,8.25,8.0,23384,19049409.08,3.02,-2.78,-0.23,1.76
2024-03-28,003018,8.19,8.3,8.38,8.13,30488,25187121.16,3.11,3.23,0.26,2.3
2024-03-29,003018,8.3,8.35,8.38,8.23,28353,23588654.0,1.81,0.6,0.05,2.14
2024-04-01,003018,8.39,8.5,8.54,8.38,33990,28736713.6,1.92,1.8,0.15,2.56
2024-04-02,003018,8.47,8.63,8.66,8.47,28464,24448358.66,2.24,1.53,0.13,2.15
2024-04-03,003018,8.58,8.59,8.66,8.47,24014,20573376.2,2.2,-0.46,-0.04,1.81
2024-04-08,003018,8.61,8.36,8.62,8.36,25973,21975677.12,3.03,-2.68,-0.23,1.96
2024-04-09,003018,8.33,8.51,8.53,8.3,17176,14488011.0,2.75,1.79,0.15,1.29
2024-04-10,003018,8.48,8.35,8.55,8.26,23792,19940244.97,3.41,-1.88,-0.16,1.79
2024-04-11,003018,8.34,8.33,8.49,8.2,15049,12614640.0,3.47,-0.24,-0.02,1.13
2024-04-12,003018,8.33,8.31,8.46,8.3,15133,12695456.0,1.92,-0.24,-0.02,1.14
2024-04-15,003018,8.21,7.77,8.36,7.61,40582,32115767.4,9.03,-6.5,-0.54,3.06
2024-04-16,003018,7.58,7.1,7.7,7.1,35637,26120121.14,7.72,-8.62,-0.67,2.69
2024-04-17,003018,7.17,7.81,7.81,7.17,26385,20210988.0,9.01,10.0,0.71,1.99
2024-04-18,003018,7.94,7.72,7.98,7.61,39007,30432791.0,4.74,-1.15,-0.09,2.94
2024-04-19,003018,7.7,7.63,7.78,7.56,19508,14905113.31,2.85,-1.17,-0.09,1.47
2024-04-22,003018,7.63,7.71,7.73,7.32,22748,17241420.0,5.37,1.05,0.08,1.71
2024-04-23,003018,7.72,8.07,8.48,7.72,115694,95555967.36,9.86,4.67,0.36,8.72
2024-04-24,003018,7.9,7.96,8.1,7.82,86369,68502805.52,3.47,-1.36,-0.11,6.51
2024-04-25,003018,7.9,7.96,8.07,7.9,43160,34461711.6,2.14,0.0,0.0,3.25
2024-04-26,003018,7.96,7.99,8.01,7.86,32704,25994521.81,1.88,0.38,0.03,2.46
2024-04-29,003018,7.98,8.23,8.25,7.92,36734,29836311.52,4.13,3.0,0.24,2.77
2024-04-30,003018,8.31,8.24,8.35,8.1,28464,23330282.0,3.04,0.12,0.01,2.15
2024-05-06,003018,8.29,8.42,8.48,8.29,29707,24876003.0,2.31,2.18,0.18,2.24
2024-05-07,003018,8.38,8.53,8.53,8.38,23919,20219025.0,1.78,1.31,0.11,1.8
2024-05-08,003018,8.54,8.37,8.55,8.34,18035,15163964.0,2.46,-1.88,-0.16,1.36
2024-05-09,003018,8.43,8.55,8.58,8.35,22364,19015345.0,2.75,2.15,0.18,1.69
2024-05-10,003018,8.64,8.42,8.64,8.37,21807,18413149.0,3.16,-1.52,-0.13,1.64
2024-05-13,003018,8.38,8.22,8.38,8.16,19749,16287998.0,2.61,-2.38,-0.2,1.49
2024-05-14,003018,8.27,8.45,8.48,8.21,22687,19039440.0,3.28,2.8,0.23,1.71
2024-05-15,003018,8.42,8.41,8.61,8.34,22811,19377434.55,3.2,-0.47,-0.04,1.72
2024-05-16,003018,8.42,8.54,8.73,8.36,29542,25328837.0,4.4,1.55,0.13,2.23
2024-05-17,003018,8.53,8.64,8.72,8.5,24298,20876133.82,2.58,1.17,0.1,1.83
2024-05-20,003018,8.65,8.59,8.67,8.55,22788,19606184.0,1.39,-0.58,-0.05,1.72
2024-05-21,003018,8.58,8.51,8.64,8.47,11663,9946752.0,1.98,-0.93,-0.08,0.88
2024-05-22,003018,8.53,8.59,8.71,8.49,17724,15254075.0,2.59,0.94,0.08,1.34
2024-05-23,003018,8.55,8.39,8.6,8.37,13254,11178256.0,2.68,-2.33,-0.2,1.0
2024-05-24,003018,8.46,8.43,8.53,8.3,13281,11212546.0,2.74,0.48,0.04,1.0
2024-05-27,003018,8.42,8.53,8.54,8.32,15147,12709412.45,2.61,1.19,0.1,1.14
2024-05-28,003018,8.51,8.33,8.51,8.31,15719,13149746.0,2.34,-2.34,-0.2,1.18
2024-05-29,003018,8.34,8.35,8.45,8.26,13330,11160103.0,2.28,0.24,0.02,1.0
2024-05-30,003018,8.37,8.32,8.53,8.21,23153,19348296.63,3.83,-0.36,-0.03,1.74
2024-05-31,003018,8.26,8.23,8.32,8.21,19289,15934828.0,1.32,-1.08,-0.09,1.45
2024-06-03,003018,8.2,8.07,8.23,7.98,16742,13562808.0,3.04,-1.94,-0.16,1.26
2024-06-04,003018,8.14,7.92,8.14,7.79,23346,18349255.0,4.34,-1.86,-0.15,1.76
2024-06-05,003018,7.91,7.76,7.97,7.76,12279,9619825.0,2.65,-2.02,-0.16,0.93
2024-06-06,003018,7.77,7.51,7.86,7.41,21217,16090721.0,5.8,-3.22,-0.25,1.6
2024-06-07,003018,7.59,7.86,7.89,7.53,18672,14525253.9,4.79,4.66,0.35,1.41
2024-06-11,003018,7.87,7.84,7.89,7.67,13205,10291703.0,2.8,-0.25,-0.02,1.0
2024-06-12,003018,7.73,7.95,7.98,7.72,8881,7043447.0,3.32,1.4,0.11,0.67
2024-06-13,003018,8.0,7.95,8.03,7.84,8768,6940638.08,2.39,0.0,0.0,0.66
2024-06-14,003018,7.94,7.95,7.98,7.84,8790,6959790.0,1.76,0.0,0.0,0.66
2024-06-17,003018,7.85,7.89,7.94,7.8,9835,7731789.0,1.76,-0.75,-0.06,0.74
2024-06-18,003018,7.8,8.68,8.68,7.8,84319,72368627.59,11.15,10.01,0.79,6.35
2024-06-19,003018,8.85,8.57,9.0,8.55,174665,153356196.85,5.18,-1.27,-0.11,13.16
2024-06-20,003018,8.56,8.87,9.38,8.4,136123,121444525.14,11.44,3.5,0.3,10.26
2024-06-21,003018,8.55,9.06,9.15,8.32,117692,105064442.49,9.36,2.14,0.19,8.87
2024-06-24,003018,8.9,8.5,9.07,8.5,122584,107964419.0,6.29,-6.18,-0.56,9.24
2024-06-25,003018,8.65,8.39,8.95,8.17,106623,89812950.94,9.18,-1.29,-0.11,8.04
2024-06-26,003018,8.32,8.42,8.46,7.95,64065,52585802.0,6.08,0.36,0.03,4.83
2024-06-27,003018,8.42,8.03,8.56,7.97,63599,52197001.0,7.01,-4.63,-0.39,4.79
2024-06-28,003018,7.96,8.05,8.21,7.83,59649,48330677.39,4.73,0.25,0.02,4.5
2024-07-01,003018,8.0,7.95,8.1,7.73,50779,40084504.0,4.6,-1.24,-0.1,3.83
2024-07-02,003018,7.91,7.96,8.03,7.83,33345,26507630.0,2.52,0.13,0.01,2.51
2024-07-03,003018,7.96,7.79,8.01,7.78,30883,24243227.06,2.89,-2.14,-0.17,2.33
2024-07-04,003018,7.75,7.49,7.79,7.45,42943,32402873.0,4.36,-3.85,-0.3,3.24
2024-07-05,003018,7.45,7.61,7.62,7.33,24324,18250600.0,3.87,1.6,0.12,1.83
2024-07-08,003018,7.61,7.37,7.61,7.35,21566,16042820.0,3.42,-3.15,-0.24,1.63
2024-07-09,003018,7.39,7.49,7.65,7.3,49749,37191652.0,4.75,1.63,0.12,3.75
2024-07-10,003018,7.45,7.2,7.45,7.16,43873,31970390.0,3.87,-3.87,-0.29,3.31
2024-07-11,003018,7.3,7.49,7.5,7.26,37665,27884748.4,3.33,4.03,0.29,2.84
2024-07-12,003018,7.3,7.41,7.45,7.23,35555,26084274.2,3.02,1.65,0.12,2.68
2024-07-15,003018,7.39,7.42,7.58,7.33,23593,17496488.0,3.37,0.13,0.01,1.78
2024-07-16,003018,7.44,7.34,7.48,7.21,19219,14072502.0,3.64,-1.08,-0.08,1.45
2024-07-17,003018,7.39,7.18,7.39,7.18,13550,9799255.0,2.86,-2.18,-0.16,1.02
2024-07-18,003018,7.11,7.08,7.18,6.93,19992,14078345.0,3.48,-1.39,-0.1,1.51
2024-07-19,003018,7.07,7.2,7.29,7.02,13223,9470315.0,3.81,1.69,0.12,1.0
2024-07-22,003018,7.18,7.22,7.25,7.11,11811,8476231.0,1.94,0.28,0.02,0.89
2024-07-23,003018,7.18,7.0,7.28,7.0,23603,16777285.0,3.88,-3.05,-0.22,1.78
2024-07-24,003018,7.0,6.78,7.03,6.73,27351,18671912.19,4.29,-3.14,-0.22,2.06
2024-07-25,003018,6.78,6.79,6.93,6.66,20057,13665845.0,3.98,0.15,0.01,1.51
2024-07-26,003018,6.79,6.97,6.99,6.79,19710,13674916.92,2.95,2.65,0.18,1.49
2024-07-29,003018,6.98,6.96,7.04,6.91,14717,10248250.0,1.87,-0.14,-0.01,1.11
2024-07-30,003018,6.96,7.12,7.46,6.91,35660,25496516.33,7.9,2.3,0.16,2.69
2024-07-31,003018,7.09,7.27,7.29,7.09,33411,24076459.0,2.81,2.11,0.15,2.52
2024-08-01,003018,7.27,7.27,7.31,7.2,19178,13931654.0,1.51,0.0,0.0,1.44
2024-08-02,003018,7.22,7.21,7.31,7.2,14800,10738801.0,1.51,-0.83,-0.06,1.11
2024-08-05,003018,7.2,7.03,7.28,6.99,18037,12870581.0,4.02,-2.5,-0.18,1.36
2024-08-06,003018,7.02,7.2,7.2,7.02,14973,10713709.0,2.56,2.42,0.17,1.13
2024-08-07,003018,7.15,7.22,7.26,7.15,10708,7730850.0,1.53,0.28,0.02,0.81
2024-08-08,003018,7.17,7.2,7.24,7.08,9959,7145054.0,2.22,-0.28,-0.02,0.75
2024-08-09,003018,7.24,7.2,7.3,7.19,9476,6863898.0,1.53,0.0,0.0,0.71
2024-08-12,003018,7.16,7.19,7.27,7.12,8295,5969928.0,2.08,-0.14,-0.01,0.62
2024-08-13,003018,7.2,7.3,7.3,7.15,14419,10439241.0,2.09,1.53,0.11,1.09
2024-08-14,003018,7.32,7.33,7.55,7.25,29073,21438968.0,4.11,0.41,0.03,2.19
2024-08-15,003018,7.28,7.38,7.42,7.24,25153,18435741.94,2.46,0.68,0.05,1.89
2024-08-16,003018,7.35,7.34,7.41,7.3,15393,11296375.0,1.49,-0.54,-0.04,1.16
2024-08-19,003018,7.29,7.29,7.4,7.25,9957,7280706.0,2.04,-0.68,-0.05,0.75
2024-08-20,003018,7.29,7.12,7.36,7.0,19260,13847099.0,4.94,-2.33,-0.17,1.45
2024-08-21,003018,7.13,7.14,7.2,7.1,7778,5557493.0,1.4,0.28,0.02,0.59
2024-08-22,003018,7.17,7.06,7.23,7.01,9252,6596310.0,3.08,-1.12,-0.08,0.7
2024-08-23,003018,7.06,6.98,7.12,6.95,9652,6765130.0,2.41,-1.13,-0.08,0.73
2024-08-26,003018,6.97,7.23,7.31,6.91,23193,16735308.0,5.73,3.58,0.25,1.75
2024-08-27,003018,7.31,7.3,7.55,7.28,43032,31697684.0,3.73,0.97,0.07,3.24
2024-08-28,003018,7.23,7.34,7.48,7.18,24399,17945172.0,4.11,0.55,0.04,1.84
2024-08-29,003018,7.33,7.37,7.4,7.25,20902,15365205.0,2.04,0.41,0.03,1.57
2024-08-30,003018,7.37,7.48,7.5,7.37,25544,19031021.0,1.76,1.49,0.11,1.92
2024-09-02,003018,7.48,7.47,7.58,7.38,20067,15093613.0,2.67,-0.13,-0.01,1.51
2024-09-03,003018,7.47,7.56,7.64,7.42,19300,14598021.0,2.95,1.2,0.09,1.45
2024-09-04,003018,7.5,7.53,7.62,7.47,14248,10760498.03,1.98,-0.4,-0.03,1.07
2024-09-05,003018,7.48,7.6,7.63,7.46,16689,12638542.88,2.26,0.93,0.07,1.26
2024-09-06,003018,7.6,7.53,7.66,7.5,18263,13843572.0,2.11,-0.92,-0.07,1.38
2024-09-09,003018,7.45,7.5,7.59,7.41,14955,11235902.07,2.39,-0.4,-0.03,1.13
2024-09-10,003018,7.52,7.52,7.6,7.38,15313,11432065.0,2.93,0.27,0.02,1.15
2024-09-11,003018,7.49,7.52,7.57,7.45,10702,8051786.0,1.6,0.0,0.0,0.81
2024-09-12,003018,7.59,7.48,7.64,7.35,17729,13220264.0,3.86,-0.53,-0.04,1.34
2024-09-13,003018,7.52,7.35,7.52,7.35,11669,8672395.0,2.27,-1.74,-0.13,0.88
2024-09-18,003018,7.36,7.28,7.41,7.16,13020,9464511.0,3.4,-0.95,-0.07,0.98
2024-09-19,003018,7.31,7.57,7.6,7.27,19341,14533143.0,4.53,3.98,0.29,1.46
2024-09-20,003018,7.53,7.44,7.55,7.41,11009,8204896.0,1.85,-1.72,-0.13,0.83
2024-09-23,003018,7.45,7.74,8.09,7.38,53455,41539961.65,9.54,4.03,0.3,4.03
2024-09-24,003018,7.8,7.76,7.8,7.57,60652,46614353.96,2.97,0.26,0.02,4.57
2024-09-25,003018,7.76,7.83,7.9,7.73,47071,36900900.0,2.19,0.9,0.07,3.55
2024-09-26,003018,7.76,7.91,7.93,7.74,35371,27692662.29,2.43,1.02,0.08,2.66
2024-09-27,003018,7.96,8.19,8.26,7.88,47489,38304939.34,4.8,3.54,0.28,3.58
2024-09-30,003018,8.34,8.8,8.88,8.15,81847,70068726.82,8.91,7.45,0.61,6.17
2024-10-08,003018,9.6,9.26,9.67,8.71,84089,77232403.02,10.91,5.23,0.46,6.33
2024-10-09,003018,9.01,8.57,9.24,8.48,73518,65025151.97,8.21,-7.45,-0.69,5.54
2024-10-10,003018,8.71,8.6,8.9,8.51,36243,31465153.2,4.55,0.35,0.03,2.73
2024-10-11,003018,8.59,8.43,8.71,8.3,34212,28965234.04,4.77,-1.98,-0.17,2.58
2024-10-14,003018,8.45,8.5,8.58,8.33,29229,24754416.35,2.97,0.83,0.07,2.2
2024-10-15,003018,8.42,8.33,8.53,8.28,32704,27516299.0,2.94,-2.0,-0.17,2.46
2024-10-16,003018,8.24,8.37,8.42,8.21,17714,14791518.0,2.52,0.48,0.04,1.33
2024-10-17,003018,8.41,8.25,8.52,8.24,27393,22917064.4,3.35,-1.43,-0.12,2.06
2024-10-18,003018,8.25,8.38,8.6,8.18,39694,33112375.92,5.09,1.58,0.13,2.99
2024-10-21,003018,8.41,8.43,8.7,8.39,31883,26959868.8,3.7,0.6,0.05,2.4
2024-10-22,003018,8.41,8.48,8.58,8.4,26468,22438439.4,2.14,0.59,0.05,1.99
2024-10-23,003018,8.5,8.46,8.52,8.43,32901,27888004.32,1.06,-0.24,-0.02,2.48
2024-10-24,003018,8.46,8.5,8.5,8.39,21114,17836285.0,1.3,0.47,0.04,1.59
2024-10-25,003018,8.5,8.76,8.83,8.5,36450,31675018.21,3.88,3.06,0.26,2.75
2024-10-28,003018,8.74,8.87,8.88,8.74,30087,26545847.71,1.6,1.26,0.11,2.27
2024-10-29,003018,9.05,8.87,9.14,8.83,48683,43746696.13,3.49,0.0,0.0,3.67
2024-10-30,003018,8.86,8.78,9.01,8.66,38849,34217546.0,3.95,-1.01,-0.09,2.93
2024-10-31,003018,8.76,8.85,8.94,8.71,26892,23838888.63,2.62,0.8,0.07,2.03
2024-11-01,003018,8.85,8.63,8.93,8.6,35690,31105033.6,3.73,-2.49,-0.22,2.69
2024-11-04,003018,8.62,8.87,8.9,8.52,28673,25228482.16,4.4,2.78,0.24,2.16
2024-11-05,003018,8.96,8.96,8.98,8.78,36220,32339257.16,2.25,1.01,0.09,2.73
2024-11-06,003018,8.95,9.0,9.05,8.9,32487,29161578.49,1.67,0.45,0.04,2.45
2024-11-07,003018,8.97,9.12,9.14,8.91,29670,26986163.0,2.56,1.33,0.12,2.24
2024-11-08,003018,9.16,9.06,9.21,9.02,26800,24381211.0,2.08,-0.66,-0.06,2.02
2024-11-11,003018,9.04,9.11,9.13,9.0,27539,25018900.93,1.43,0.55,0.05,2.07
2024-11-12,003018,9.15,9.03,9.18,8.91,46419,42090405.0,2.96,-0.88,-0.08,3.5
2024-11-13,003018,8.96,9.5,9.52,8.91,91926,85028622.48,6.76,5.2,0.47,6.92
2024-11-14,003018,9.45,8.94,9.48,8.88,87440,79772977.53,6.32,-5.89,-0.56,6.59
2024-11-15,003018,8.89,8.83,9.07,8.82,39429,35233192.13,2.8,-1.23,-0.11,2.97
2024-11-18,003018,8.8,8.77,8.95,8.63,32092,28270710.61,3.62,-0.68,-0.06,2.42
2024-11-19,003018,8.8,9.12,9.19,8.79,54312,49115948.64,4.56,3.99,0.35,4.09
2024-11-20,003018,9.08,9.16,9.18,9.05,34813,31787426.64,1.43,0.44,0.04,2.62
2024-11-21,003018,9.17,9.34,9.43,9.14,39781,36912482.06,3.17,1.97,0.18,3.0
2024-11-22,003018,9.26,9.07,9.48,9.05,33302,30813161.0,4.6,-2.89,-0.27,2.51
2024-11-25,003018,9.0,9.34,9.34,9.0,25535,23557125.0,3.75,2.98,0.27,1.92
2024-11-26,003018,9.37,9.45,9.59,9.29,37987,35882307.57,3.21,1.18,0.11,2.86
2024-11-27,003018,9.39,9.52,9.53,9.13,32307,30281005.65,4.23,0.74,0.07,2.43
2024-11-28,003018,9.5,9.62,9.66,9.48,30883,29600599.62,1.89,1.05,0.1,2.33
2024-11-29,003018,9.51,9.64,9.72,9.51,29765,28638384.57,2.18,0.21,0.02,2.24
2024-12-02,003018,9.68,9.9,9.98,9.64,40021,39223515.43,3.53,2.7,0.26,3.01
2024-12-03,003018,9.86,10.1,10.8,9.84,95015,97066521.86,9.7,2.02,0.2,7.16
2024-12-04,003018,9.98,9.84,10.19,9.79,52457,52027758.0,3.96,-2.57,-0.26,3.95
2024-12-05,003018,9.83,10.04,10.08,9.72,34864,34524818.63,3.66,2.03,0.2,2.63
2024-12-06,003018,9.96,9.94,10.1,9.81,26857,26653669.0,2.89,-1.0,-0.1,2.02
2024-12-09,003018,9.95,9.94,10.07,9.82,21684,21552740.0,2.52,0.0,0.0,1.63
2024-12-10,003018,10.18,9.93,10.29,9.89,29389,29500684.96,4.02,-0.1,-0.01,2.21
2024-12-11,003018,9.94,10.16,10.17,9.94,26318,26497749.0,2.32,2.32,0.23,1.98
2024-12-12,003018,10.15,10.43,10.45,10.13,33411,34414638.24,3.15,2.66,0.27,2.52
2024-12-13,003018,10.43,10.4,10.55,10.3,28457,29694662.0,2.4,-0.29,-0.03,2.14
2024-12-16,003018,10.39,10.44,10.58,10.36,25926,27122684.0,2.12,0.38,0.04,1.95
2024-12-17,003018,10.36,9.8,10.44,9.72,48134,47910860.0,6.9,-6.13,-0.64,3.63
2024-12-18,003018,9.8,9.83,9.95,9.53,30513,29898758.0,4.29,0.31,0.03,2.3
2024-12-19,003018,9.73,9.78,9.84,9.57,26205,25405657.0,2.75,-0.51,-0.05,1.97
2024-12-20,003018,9.79,9.95,10.0,9.75,24048,23825741.0,2.56,1.74,0.17,1.81
2024-12-23,003018,9.87,9.47,10.04,9.4,40003,38677624.0,6.43,-4.82,-0.48,3.01
2024-12-24,003018,9.52,9.5,9.66,9.4,19861,18898244.0,2.75,0.32,0.03,1.5
2024-12-25,003018,9.47,9.17,9.59,9.01,24899,22816735.0,6.11,-3.47,-0.33,1.88
2024-12-26,003018,9.17,9.41,9.45,9.17,16812,15752847.2,3.05,2.62,0.24,1.27
2024-12-27,003018,9.41,9.51,9.63,9.4,18376,17495717.4,2.44,1.06,0.1,1.38
2024-12-30,003018,9.46,9.43,9.54,9.26,19080,17981598.97,2.94,-0.84,-0.08,1.44
2024-12-31,003018,9.52,9.26,9.53,9.24,16863,15786640.62,3.08,-1.8,-0.17,1.27
2025-01-02,003018,9.26,9.22,9.5,9.15,26505,24802293.89,3.78,-0.43,-0.04,2.0
2025-01-03,003018,9.23,8.9,9.38,8.9,31241,28467245.0,5.21,-3.47,-0.32,2.35
2025-01-06,003018,8.9,8.95,9.08,8.5,22912,20305112.02,6.52,0.56,0.05,1.73
2025-01-07,003018,8.93,9.12,9.12,8.78,23778,21331427.85,3.8,1.9,0.17,1.79
2025-01-08,003018,9.11,9.16,9.22,8.85,24284,22052535.0,4.06,0.44,0.04,1.83
2025-01-09,003018,9.12,9.1,9.29,9.07,13122,12028123.05,2.4,-0.66,-0.06,0.99
2025-01-10,003018,9.1,8.78,9.13,8.72,16053,14369579.6,4.51,-3.52,-0.32,1.21
2025-01-13,003018,8.7,8.7,8.75,8.48,17451,15070648.56,3.08,-0.91,-0.08,1.31
2025-01-14,003018,8.74,9.18,9.18,8.74,18816,17031122.0,5.06,5.52,0.48,1.42
2025-01-15,003018,9.2,9.26,9.34,9.2,17430,16149077.21,1.53,0.87,0.08,1.31
2025-01-16,003018,9.27,9.32,9.43,9.22,13940,13006937.0,2.27,0.65,0.06,1.05
2025-01-17,003018,9.3,9.39,9.43,9.24,12534,11726075.98,2.04,0.75,0.07,0.94
2025-01-20,003018,9.4,9.71,9.8,9.36,25205,24314249.62,4.69,3.41,0.32,1.9
2025-01-21,003018,9.68,9.61,9.73,9.51,17690,16975544.68,2.27,-1.03,-0.1,1.33
2025-01-22,003018,9.62,9.8,9.83,9.51,28046,27158455.09,3.33,1.98,0.19,2.11
2025-01-23,003018,9.8,9.65,9.85,9.61,24652,23940710.0,2.45,-1.53,-0.15,1.86
2025-01-24,003018,9.66,9.64,9.67,9.49,19633,18809682.0,1.87,-0.1,-0.01,1.48
2025-01-27,003018,9.64,9.88,9.93,9.64,30892,30286097.0,3.01,2.49,0.24,2.33
2025-02-05,003018,9.87,9.61,9.91,9.52,47993,46251252.04,3.95,-2.73,-0.27,3.62
2025-02-06,003018,9.6,9.74,9.85,9.54,33885,32928369.0,3.23,1.35,0.13,2.55
2025-02-07,003018,9.74,9.77,9.9,9.68,41285,40484793.0,2.26,0.31,0.03,3.11
2025-02-10,003018,9.77,9.75,9.86,9.66,23437,22841924.27,2.05,-0.2,-0.02,1.77
2025-02-11,003018,9.75,9.75,9.79,9.69,16862,16426166.0,1.03,0.0,0.0,1.27
2025-02-12,003018,9.77,9.74,9.78,9.67,13830,13443911.27,1.13,-0.1,-0.01,1.04
2025-02-13,003018,9.73,9.51,9.75,9.51,16689,16058232.61,2.46,-2.36,-0.23,1.26
2025-02-14,003018,9.61,9.47,9.61,9.47,18461,17573557.0,1.47,-0.42,-0.04,1.39
2025-02-17,003018,9.61,9.62,9.66,9.43,16678,15921767.0,2.43,1.58,0.15,1.26
2025-02-18,003018,9.6,9.45,9.62,9.41,22406,21304683.0,2.18,-1.77,-0.17,1.69
2025-02-19,003018,9.51,9.73,9.74,9.45,17610,16937137.0,3.07,2.96,0.28,1.33
2025-02-20,003018,9.74,9.82,9.89,9.68,19037,18659308.0,2.16,0.92,0.09,1.43
2025-02-21,003018,9.82,9.65,9.83,9.61,17455,16838937.57,2.24,-1.73,-0.17,1.31
2025-02-24,003018,9.66,9.71,9.83,9.59,19187,18577171.47,2.49,0.62,0.06,1.45
2025-02-25,003018,9.7,9.6,9.73,9.58,14006,13501939.46,1.54,-1.13,-0.11,1.06
2025-02-26,003018,9.69,9.68,9.78,9.6,17247,16729392.01,1.88,0.83,0.08,1.3
2025-02-27,003018,9.66,9.8,9.8,9.56,22996,22256622.0,2.48,1.24,0.12,1.73
2025-02-28,003018,9.8,9.67,9.81,9.66,17922,17432069.42,1.53,-1.33,-0.13,1.35
2025-03-03,003018,9.72,9.77,9.93,9.67,30625,30102171.08,2.69,1.03,0.1,2.31
2025-03-04,003018,9.8,9.91,9.92,9.67,21240,20930639.9,2.56,1.43,0.14,1.6
2025-03-05,003018,9.91,9.81,9.92,9.65,19311,18805350.0,2.72,-1.01,-0.1,1.45
2025-03-06,003018,9.81,9.86,9.93,9.7,17156,16864399.0,2.34,0.51,0.05,1.29
2025-03-07,003018,9.84,9.81,9.9,9.76,12191,11994976.0,1.42,-0.51,-0.05,0.92
2025-03-10,003018,9.81,10.44,10.62,9.81,89287,92590209.68,8.26,6.42,0.63,6.73
2025-03-11,003018,10.31,10.52,10.55,10.19,55217,57233209.65,3.45,0.77,0.08,4.16
2025-03-12,003018,10.56,11.33,11.57,10.56,172910,194966607.23,9.6,7.7,0.81,13.03
2025-03-13,003018,11.33,11.64,11.64,11.08,122105,138285791.33,4.94,2.74,0.31,9.2
2025-03-14,003018,11.54,11.5,11.73,11.3,72089,83445043.78,3.69,-1.2,-0.14,5.43
2025-03-17,003018,11.5,10.48,11.52,10.38,165429,174900857.26,9.91,-8.87,-1.02,12.46
2025-03-18,003018,10.48,10.8,10.95,10.38,114511,122393873.55,5.44,3.05,0.32,8.63
2025-03-19,003018,10.81,10.89,10.99,10.68,50119,54286401.72,2.87,0.83,0.09,3.78
2025-03-20,003018,10.95,10.93,11.04,10.83,35858,39110937.0,1.93,0.37,0.04,2.7
2025-03-21,003018,10.85,10.74,11.0,10.67,36672,39519373.0,3.02,-1.74,-0.19,2.76
2025-03-24,003018,10.74,10.36,10.9,10.11,52348,54524232.8,7.36,-3.54,-0.38,3.94
2025-03-25,003018,10.37,10.46,10.59,10.24,34541,35934338.0,3.38,0.97,0.1,2.6
2025-03-26,003018,10.36,10.58,10.66,10.36,27551,29143115.0,2.87,1.15,0.12,2.08
2025-03-27,003018,10.59,10.52,10.67,10.44,23746,25021298.0,2.17,-0.57,-0.06,1.79
2025-03-28,003018,10.52,10.65,10.91,10.4,44083,47013433.26,4.85,1.24,0.13,3.32
2025-03-31,003018,10.66,10.28,10.68,10.01,54998,56217895.0,6.29,-3.47,-0.37,4.14
2025-04-01,003018,10.28,10.53,10.62,10.28,31719,33243669.0,3.31,2.43,0.25,2.39
2025-04-02,003018,10.54,10.74,10.75,10.41,21309,22719136.0,3.23,1.99,0.21,1.61
2025-04-03,003018,10.57,10.68,10.71,10.45,19584,20781440.0,2.42,-0.56,-0.06,1.48
2025-04-07,003018,10.2,9.61,10.29,9.61,38394,37445709.0,6.37,-10.02,-1.07,2.89
2025-04-08,003018,9.61,9.1,9.69,8.8,61169,55679268.0,9.26,-5.31,-0.51,4.61
2025-04-09,003018,8.98,9.1,9.2,8.35,46022,40426944.0,9.34,0.0,0.0,3.47
2025-04-10,003018,9.26,9.39,9.67,9.26,44231,41894613.0,4.51,3.19,0.29,3.33
2025-04-11,003018,9.38,9.41,9.57,9.31,23198,21972255.39,2.77,0.21,0.02,1.75
2025-04-14,003018,9.5,9.68,9.86,9.5,23646,22961859.63,3.83,2.87,0.27,1.78
2025-04-15,003018,9.68,9.81,9.89,9.6,26393,25728466.63,3.0,1.34,0.13,1.99
2025-04-16,003018,9.84,9.8,9.97,9.48,35193,34162626.0,4.99,-0.1,-0.01,2.65
2025-04-17,003018,9.79,10.08,10.12,9.75,32615,32654998.0,3.78,2.86,0.28,2.46
2025-04-18,003018,10.03,10.08,10.23,9.86,30438,30529514.9,3.67,0.0,0.0,2.29
2025-04-21,003018,10.3,10.35,10.42,10.03,22694,23329135.0,3.87,2.68,0.27,1.71
2025-04-22,003018,10.35,10.4,10.49,10.3,21069,21865301.0,1.84,0.48,0.05,1.59
2025-04-23,003018,10.49,11.44,11.44,10.31,53345,59622591.84,10.87,10.0,1.04,4.02
2025-04-24,003018,11.97,10.97,12.23,10.7,169056,188906891.48,13.37,-4.11,-0.47,12.73
2025-04-25,003018,10.91,12.07,12.07,10.91,122685,145509018.99,10.57,10.03,1.1,9.24
2025-04-28,003018,11.69,11.35,11.97,11.25,202663,233678510.31,5.97,-5.97,-0.72,15.27
2025-04-29,003018,11.69,11.24,11.88,11.2,104800,119237460.75,5.99,-0.97,-0.11,7.89
2025-04-30,003018,11.11,11.2,11.73,10.91,88215,98668597.9,7.3,-0.36,-0.04,6.65
2025-05-06,003018,11.17,11.38,11.54,11.08,96946,109358179.79,4.11,1.61,0.18,7.3
2025-05-07,003018,11.51,11.34,11.58,11.22,74517,84902927.93,3.16,-0.35,-0.04,5.61
2025-05-08,003018,11.34,11.51,11.53,11.24,61325,70185672.75,2.56,1.5,0.17,4.62
2025-05-09,003018,11.21,11.0,11.26,10.94,47227,52222519.0,2.78,-4.43,-0.51,3.56
2025-05-12,003018,11.06,11.06,11.31,11.0,35590,39496344.0,2.82,0.55,0.06,2.68
2025-05-13,003018,11.15,10.96,11.26,10.93,30766,33952671.0,2.98,-0.9,-0.1,2.32
2025-05-14,003018,10.95,11.01,11.02,10.83,35661,38991150.0,1.73,0.46,0.05,2.69
2025-05-15,003018,11.0,11.02,11.12,10.95,26520,29268544.0,1.54,0.09,0.01,2.0
2025-05-16,003018,11.04,11.22,11.48,10.97,45451,50926667.0,4.63,1.81,0.2,3.42
2025-05-19,003018,11.23,11.17,11.32,11.08,34757,38831393.0,2.14,-0.45,-0.05,2.62
2025-05-20,003018,11.13,11.25,11.27,11.01,40655,45285478.0,2.33,0.72,0.08,3.06
2025-05-21,003018,11.32,11.05,11.35,11.01,26148,28983509.0,3.02,-1.78,-0.2,1.97
2025-05-22,003018,11.06,10.95,11.24,10.85,25019,27553874.0,3.53,-0.9,-0.1,1.88
2025-05-23,003018,10.91,10.99,11.12,10.81,29428,32400156.01,2.83,0.37,0.04,2.22
2025-05-26,003018,10.91,11.06,11.18,10.91,18393,20373973.0,2.46,0.64,0.07,1.39
2025-05-27,003018,11.05,11.05,11.23,10.92,20987,23188073.0,2.8,-0.09,-0.01,1.58
2025-05-28,003018,11.06,10.91,11.12,10.9,20985,23036101.0,1.99,-1.27,-0.14,1.58
2025-05-29,003018,10.88,11.02,11.05,10.85,21305,23400397.61,1.83,1.01,0.11,1.6
